timestamp,symbol,sentiment_score,num_texts,ticker,date,sentiment
,,,,ETHUSD,2025-06-05,0.05
2025-05-29T21:04:04.575193,AUDUSD,0.061,30.0,,,
2025-06-05T18:53:23,EURUSD,0.1397988155484199,40.0,,,
2025-06-05T18:53:23,USDJPY,-0.0251113375027974,39.0,,,
2025-06-05T18:53:23,GBPUSD,0.0682933136820793,40.0,,,
2025-06-05T18:53:23,AUDUSD,-0.0022238320425937,38.0,,,
2025-06-05T18:53:23,USDCAD,0.0301962858293114,41.0,,,
2025-06-05T18:53:23,XAUUSD,0.1339075229106805,39.0,,,
2025-06-05T18:53:23,CL,-0.0454775333404541,35.0,,,
2025-06-05T18:53:23,BTCUSD,0.1796869478727641,38.0,,,
2025-06-05T18:53:23,SPY,0.0062432808260763,31.0,,,
2025-06-05T18:53:23,AAPL,-0.0396570321675893,37.0,,,
2025-06-05T19:05:51,EURUSD,0.0493368055762314,41.0,,,
2025-06-05T19:05:51,USDJPY,0.049872780457521,39.0,,,
2025-06-05T19:05:51,GBPUSD,0.0700349991138164,39.0,,,
2025-06-05T19:05:51,AUDUSD,-0.0037402556492732,39.0,,,
2025-06-05T19:05:51,USDCAD,0.0160682433988989,41.0,,,
2025-06-05T19:05:51,XAUUSD,0.1517272114753723,40.0,,,
2025-06-05T19:05:51,CL,0.0347960823112063,36.0,,,
2025-06-05T19:05:51,BTCUSD,0.2115698279561223,37.0,,,
2025-06-05T19:05:51,SPY,-0.0540540019671122,33.0,,,
2025-06-05T19:05:51,AAPL,0.1095053354899088,39.0,,,
2025-06-05T19:24:53,EURUSD,0.0243531862894694,42.0,,,
2025-06-05T19:24:53,USDJPY,0.049872780457521,39.0,,,
2025-06-05T19:24:53,GBPUSD,0.0718876029315747,38.0,,,
2025-06-05T19:24:53,AUDUSD,0.0232987089289559,36.0,,,
2025-06-05T19:24:53,USDCAD,0.0160682433988989,41.0,,,
2025-06-05T19:24:53,XAUUSD,0.1517272114753723,40.0,,,
2025-06-05T19:24:53,CL,0.0072188360350472,35.0,,,
2025-06-05T19:24:53,BTCUSD,0.1305455758764937,37.0,,,
2025-06-05T19:24:53,SPY,-0.0540540019671122,33.0,,,
2025-06-05T19:24:53,AAPL,0.0643593225723657,39.0,,,
2025-06-05T20:33:10,EURUSD,0.0981070530123826,41.0,,,
2025-06-05T20:33:10,USDJPY,0.049872780457521,39.0,,,
2025-06-05T20:33:10,GBPUSD,0.0738206747415903,37.0,,,
2025-06-05T20:33:10,AUDUSD,-0.0022839420550578,37.0,,,
2025-06-05T20:33:10,USDCAD,0.0160682433988989,41.0,,,
2025-06-05T20:33:10,XAUUSD,0.1517272114753723,40.0,,,
2025-06-05T20:33:10,CL,0.0317629658513598,36.0,,,
2025-06-05T20:33:10,BTCUSD,0.184543126338237,37.0,,,
2025-06-05T20:33:10,SPY,-0.0540540019671122,33.0,,,
2025-06-05T20:33:10,AAPL,0.0636567795598829,37.0,,,
2025-06-05T21:28:03,EURUSD,0.04956244404723,41.0,,,
2025-06-05T21:28:03,USDJPY,0.049872780457521,39.0,,,
2025-06-05T21:28:03,GBPUSD,0.0718780254062853,38.0,,,
2025-06-05T21:28:03,AUDUSD,0.0232987089289559,36.0,,,
2025-06-05T21:28:03,USDCAD,0.0160682433988989,41.0,,,
2025-06-05T21:28:03,XAUUSD,0.126727831363678,40.0,,,
2025-06-05T21:28:03,CL,0.0347960823112063,36.0,,,
2025-06-05T21:28:03,BTCUSD,0.1305455758764937,37.0,,,
2025-06-05T21:28:03,SPY,-0.0726853067224675,33.0,,,
2025-06-05T21:28:03,AAPL,0.043526761042766,39.0,,,
2025-06-05T21:35:29,EURUSD,0.0719563521090008,42.0,,,
2025-06-05T21:35:29,USDJPY,0.049872780457521,39.0,,,
2025-06-05T21:35:29,GBPUSD,0.0979556817757456,38.0,,,
2025-06-05T21:35:29,AUDUSD,-0.0022238383167668,38.0,,,
2025-06-05T21:35:29,USDCAD,0.0160682433988989,41.0,,,
2025-06-05T21:35:29,XAUUSD,0.1290265083312988,40.0,,,
2025-06-05T21:35:29,CL,0.0039006487743274,37.0,,,
2025-06-05T21:35:29,BTCUSD,0.1845433293162165,37.0,,,
2025-06-05T21:35:29,SPY,-0.016038771831628,33.0,,,
2025-06-05T21:35:29,AAPL,0.0587674318215785,39.0,,,
2025-06-05T22:42:08,EURUSD,0.0505589723587036,40.0,,,
2025-06-05T22:42:08,USDJPY,0.0986308531883435,39.0,,,
2025-06-05T22:42:08,GBPUSD,0.0738305111189146,37.0,,,
2025-06-05T22:42:08,AUDUSD,-0.0022839420550578,37.0,,,
2025-06-05T22:42:08,USDCAD,0.0160682433988989,41.0,,,
2025-06-05T22:42:08,XAUUSD,0.1323348803397936,39.0,,,
2025-06-05T22:42:08,CL,0.0317629658513598,36.0,,,
2025-06-05T22:42:08,BTCUSD,0.2642652650137205,37.0,,,
2025-06-05T22:42:08,SPY,0.0025925329237273,33.0,,,
2025-06-05T22:42:08,AAPL,0.0764919911560259,38.0,,,
2025-06-05T23:38:35,EURUSD,0.0737113850872691,41.0,,,
2025-06-05T23:38:35,USDJPY,0.0498755103663394,38.0,,,
2025-06-05T23:38:35,GBPUSD,0.0979556817757456,38.0,,,
2025-06-05T23:38:35,AUDUSD,-0.0022839420550578,37.0,,,
2025-06-05T23:38:35,USDCAD,0.0160682433988989,41.0,,,
2025-06-05T23:38:35,XAUUSD,0.1290265083312988,40.0,,,
2025-06-05T23:38:35,CL,0.0317629658513598,36.0,,,
2025-06-05T23:38:35,BTCUSD,0.2372385247333629,37.0,,,
2025-06-05T23:38:35,SPY,-0.0726853067224675,33.0,,,
2025-06-05T23:38:35,AAPL,0.0843935165649805,39.0,,,
2025-06-06T03:39:04,EURUSD,0.0460257814044044,42.0,,,
2025-06-06T03:39:04,USDJPY,0.0498755103663394,38.0,,,
2025-06-06T03:39:04,GBPUSD,0.095444000684298,39.0,,,
2025-06-06T03:39:04,AUDUSD,-0.0371730602704561,39.0,,,
2025-06-06T03:39:04,USDCAD,0.0160682433988989,41.0,,,
2025-06-06T03:39:04,XAUUSD,0.1517272114753723,40.0,,,
2025-06-06T03:39:04,CL,0.0326690094811575,35.0,,,
2025-06-06T03:39:04,BTCUSD,0.2372385247333629,37.0,,,
2025-06-06T03:39:04,SPY,-0.0726853067224675,33.0,,,
2025-06-06T03:39:04,AAPL,-0.0064396922652785,37.0,,,
2025-06-06T04:53:03,EURUSD,0.0715380005720185,41.0,,,
2025-06-06T04:53:03,USDJPY,0.0498755103663394,38.0,,,
2025-06-06T04:53:03,GBPUSD,0.0981899750860113,38.0,,,
2025-06-06T04:53:03,AUDUSD,-0.044892060129266,38.0,,,
2025-06-06T04:53:03,USDCAD,0.0160682433988989,41.0,,,
2025-06-06T04:53:03,XAUUSD,0.166631206870079,40.0,,,
2025-06-06T04:53:03,CL,0.0347960823112063,36.0,,,
2025-06-06T04:53:03,BTCUSD,0.250713200141222,39.0,,,
2025-06-06T04:53:03,SPY,-0.0726853067224675,33.0,,,
2025-06-06T04:53:03,AAPL,0.0501915357614818,38.0,,,
2025-06-06T05:48:24,EURUSD,0.0715380005720185,41.0,,,
2025-06-06T05:48:24,USDJPY,0.0113667469275625,38.0,,,
2025-06-06T05:48:24,GBPUSD,0.0956722834171392,39.0,,,
2025-06-06T05:48:24,AUDUSD,-0.0222264956205319,39.0,,,
2025-06-06T05:48:24,USDCAD,0.0160682433988989,41.0,,,
2025-06-06T05:48:24,XAUUSD,0.166631206870079,40.0,,,
2025-06-06T05:48:24,CL,0.0347960823112063,36.0,,,
2025-06-06T05:48:24,BTCUSD,0.2323179527332908,38.0,,,
2025-06-06T05:48:24,SPY,-0.0726853067224675,33.0,,,
2025-06-06T05:48:24,AAPL,0.1100003841595772,39.0,,,
2025-06-06T06:58:05,EURUSD,0.0460257814044044,42.0,,,
2025-06-06T06:58:05,USDJPY,0.0253697159962776,39.0,,,
2025-06-06T06:58:05,GBPUSD,0.0956722834171392,39.0,,,
2025-06-06T06:58:05,AUDUSD,0.0035975623775172,37.0,,,
2025-06-06T06:58:05,USDCAD,0.0151674936457378,41.0,,,
2025-06-06T06:58:05,XAUUSD,0.1517272114753723,40.0,,,
2025-06-06T06:58:05,CL,0.0347960823112063,36.0,,,
2025-06-06T06:58:05,BTCUSD,0.2115700760403195,37.0,,,
2025-06-06T06:58:05,SPY,-0.0726853067224675,33.0,,,
2025-06-06T06:58:05,AAPL,0.111575262248516,40.0,,,
2025-06-06T07:35:20,EURUSD,0.0493368055762314,41.0,,,
2025-06-06T07:35:20,USDJPY,0.0511852220485084,38.0,,,
2025-06-06T07:35:20,GBPUSD,0.0700349991138164,39.0,,,
2025-06-06T07:35:20,AUDUSD,-0.0458998129918025,39.0,,,
2025-06-06T07:35:20,USDCAD,0.0151674936457378,41.0,,,
2025-06-06T07:35:20,XAUUSD,0.166631206870079,40.0,,,
2025-06-06T07:35:20,CL,0.0347960823112063,36.0,,,
2025-06-06T07:35:20,BTCUSD,0.238596816320677,37.0,,,
2025-06-06T07:35:20,SPY,-0.0726853067224675,33.0,,,
2025-06-06T07:35:20,AAPL,0.1100003841595772,39.0,,,
2025-06-06T08:53:20,EURUSD,0.0737269099165753,41.0,,,
2025-06-06T08:53:20,USDJPY,0.0248704364425257,38.0,,,
2025-06-06T08:53:20,GBPUSD,0.0718780254062853,38.0,,,
2025-06-06T08:53:20,AUDUSD,-0.0462864205241203,40.0,,,
2025-06-06T08:53:20,USDCAD,0.0160682433988989,41.0,,,
2025-06-06T08:53:20,XAUUSD,0.1556176527952536,39.0,,,
2025-06-06T08:53:20,CL,0.0595393064949247,36.0,,,
2025-06-06T08:53:20,BTCUSD,0.238596816320677,37.0,,,
2025-06-06T08:53:20,SPY,-0.0726853067224675,33.0,,,
2025-06-06T08:53:20,AAPL,0.0664988066020764,38.0,,,
2025-06-06T09:41:13,EURUSD,-0.0229794226941608,42.0,,,
2025-06-06T09:41:13,USDJPY,0.0248704364425257,38.0,,,
2025-06-06T09:41:13,GBPUSD,0.0468036097449225,37.0,,,
2025-06-06T09:41:13,AUDUSD,-0.0385544472619106,38.0,,,
2025-06-06T09:41:13,USDCAD,0.0160682433988989,41.0,,,
2025-06-06T09:41:13,XAUUSD,0.17672720849514,40.0,,,
2025-06-06T09:41:13,CL,0.0040990591049194,35.0,,,
2025-06-06T09:41:13,BTCUSD,0.2323179527332908,38.0,,,
2025-06-06T09:41:13,SPY,-0.0726853067224675,33.0,,,
2025-06-06T09:41:13,AAPL,0.0888081192970275,39.0,,,
2025-06-06T10:50:23,EURUSD,0.013999281894593,42.0,,,
2025-06-06T10:50:23,USDJPY,0.0248704364425257,38.0,,,
2025-06-06T10:50:23,GBPUSD,0.0468036097449225,37.0,,,
2025-06-06T10:50:23,AUDUSD,0.0035975623775172,37.0,,,
2025-06-06T10:50:23,USDCAD,0.0160682433988989,41.0,,,
2025-06-06T10:50:23,XAUUSD,0.1517272114753723,40.0,,,
2025-06-06T10:50:23,CL,0.0317629658513598,36.0,,,
2025-06-06T10:50:23,BTCUSD,0.2323179527332908,38.0,,,
2025-06-06T10:50:23,SPY,-0.0444153845310211,32.0,,,
2025-06-06T10:50:23,AAPL,0.0679755577674278,39.0,,,
2025-06-06T11:33:34,EURUSD,0.0375224465415591,42.0,,,
2025-06-06T11:33:34,USDJPY,0.0248704364425257,38.0,,,
2025-06-06T11:33:34,GBPUSD,0.0468036097449225,37.0,,,
2025-06-06T11:33:34,AUDUSD,-0.02006768874633,39.0,,,
2025-06-06T11:33:34,USDCAD,0.0160682433988989,41.0,,,
2025-06-06T11:33:34,XAUUSD,0.176537799835205,40.0,,,
2025-06-06T11:33:34,CL,0.0317629658513598,36.0,,,
2025-06-06T11:33:34,BTCUSD,0.2115703370120074,37.0,,,
2025-06-06T11:33:34,SPY,-0.0444153845310211,32.0,,,
2025-06-06T11:33:34,AAPL,0.0619680301139229,38.0,,,
2025-06-06T13:45:22,EURUSD,0.0121517137783329,41.0,,,
2025-06-06T13:45:22,USDJPY,0.0523449072712346,38.0,,,
2025-06-06T13:45:22,GBPUSD,0.0718780254062853,38.0,,,
2025-06-06T13:45:22,AUDUSD,-0.035407040363703,39.0,,,
2025-06-06T13:45:22,USDCAD,0.0151674936457378,41.0,,,
2025-06-06T13:45:22,XAUUSD,0.1299768013831896,39.0,,,
2025-06-06T13:45:22,CL,0.0317629658513598,36.0,,,
2025-06-06T13:45:22,BTCUSD,0.1896692845556471,36.0,,,
2025-06-06T13:45:22,SPY,-0.0444153845310211,32.0,,,
2025-06-06T13:45:22,AAPL,0.0928356663176887,38.0,,,
2025-06-06T14:42:17,EURUSD,0.0141602768784477,42.0,,,
2025-06-06T14:42:17,USDJPY,0.0761909955426266,38.0,,,
2025-06-06T14:42:17,GBPUSD,0.0718780254062853,38.0,,,
2025-06-06T14:42:17,AUDUSD,-0.035407040363703,39.0,,,
2025-06-06T14:42:17,USDCAD,0.0160682433988989,41.0,,,
2025-06-06T14:42:17,XAUUSD,0.1517273813486099,40.0,,,
2025-06-06T14:42:17,CL,0.0040990591049194,35.0,,,
2025-06-06T14:42:17,BTCUSD,0.2115700695965741,37.0,,,
2025-06-06T14:42:17,SPY,-0.0444153845310211,32.0,,,
2025-06-06T14:42:17,AAPL,0.1095245526387141,39.0,,,
2025-06-06T15:38:41,EURUSD,0.0378086070219675,42.0,,,
2025-06-06T15:38:41,USDJPY,0.0487165247139177,38.0,,,
2025-06-06T15:38:41,GBPUSD,0.0718780254062853,38.0,,,
2025-06-06T15:38:41,AUDUSD,-0.0375658716910924,39.0,,,
2025-06-06T15:38:41,USDCAD,0.0160682433988989,41.0,,,
2025-06-06T15:38:41,XAUUSD,0.1764355555176734,40.0,,,
2025-06-06T15:38:41,CL,0.0317629658513598,36.0,,,
2025-06-06T15:38:41,BTCUSD,0.217447022596995,36.0,,,
2025-06-06T15:38:41,SPY,-0.0155670432483448,34.0,,,
2025-06-06T15:38:41,AAPL,0.0838919480641682,39.0,,,
2025-06-06T16:54:42,EURUSD,0.0378086070219675,42.0,,,
2025-06-06T16:54:42,USDJPY,0.0761909955426266,38.0,,,
2025-06-06T16:54:42,GBPUSD,0.0718780254062853,38.0,,,
2025-06-06T16:54:42,AUDUSD,-0.0366267248988151,40.0,,,
2025-06-06T16:54:42,USDCAD,0.0160682433988989,41.0,,,
2025-06-06T16:54:42,XAUUSD,0.1767267614603042,40.0,,,
2025-06-06T16:54:42,CL,0.0317629658513598,36.0,,,
2025-06-06T16:54:42,BTCUSD,0.217447022596995,36.0,,,
2025-06-06T16:54:42,SPY,-0.0444153845310211,32.0,,,
2025-06-06T16:54:42,AAPL,0.0931257437437008,39.0,,,
2025-06-06T17:42:39,EURUSD,0.0378086070219675,42.0,,,
2025-06-06T17:42:39,USDJPY,0.0761909955426266,38.0,,,
2025-06-06T17:42:39,GBPUSD,0.0468035952464954,37.0,,,
2025-06-06T17:42:39,AUDUSD,0.0035975366025357,37.0,,,
2025-06-06T17:42:39,USDCAD,0.031108904175642,41.0,,,
2025-06-06T17:42:39,XAUUSD,0.1764355555176734,40.0,,,
2025-06-06T17:42:39,CL,0.0326704859733581,35.0,,,
2025-06-06T17:42:39,BTCUSD,0.2372385182896176,37.0,,,
2025-06-06T17:42:39,SPY,-0.017201455309987,32.0,,,
2025-06-06T17:42:39,AAPL,0.0648159568126385,39.0,,,
2025-06-06T18:55:45,EURUSD,0.0520308315753936,42.0,,,
2025-06-06T18:55:45,USDJPY,0.0639907451052414,38.0,,,
2025-06-06T18:55:45,GBPUSD,0.0738206747415903,37.0,,,
2025-06-06T18:55:45,AUDUSD,-0.035407040363703,39.0,,,
2025-06-06T18:55:45,USDCAD,0.031108904175642,41.0,,,
2025-06-06T18:55:45,XAUUSD,0.1764355555176734,40.0,,,
2025-06-06T18:55:45,CL,0.0317629658513598,36.0,,,
2025-06-06T18:55:45,BTCUSD,0.2573109159344121,38.0,,,
2025-06-06T18:55:45,SPY,0.0192827006181081,30.0,,,
2025-06-06T18:55:45,AAPL,0.069167245657016,39.0,,,
2025-06-06T19:30:08,EURUSD,0.0139992194516318,42.0,,,
2025-06-06T19:30:08,USDJPY,0.0511852220485084,38.0,,,
2025-06-06T19:30:08,GBPUSD,0.0447882429147378,39.0,,,
2025-06-06T19:30:08,AUDUSD,-0.0122401541785189,38.0,,,
2025-06-06T19:30:08,USDCAD,0.0391827007619346,41.0,,,
2025-06-06T19:30:08,XAUUSD,0.1556176527952536,39.0,,,
2025-06-06T19:30:08,CL,0.0040990591049194,35.0,,,
2025-06-06T19:30:08,BTCUSD,0.2102115363688082,37.0,,,
2025-06-06T19:30:08,SPY,-0.016038771831628,33.0,,,
2025-06-06T19:30:08,AAPL,0.072778422581522,38.0,,,
2025-06-06T20:42:19,EURUSD,0.0764916292050989,41.0,,,
2025-06-06T20:42:19,USDJPY,0.0487165247139177,38.0,,,
2025-06-06T20:42:19,GBPUSD,0.0447882429147378,39.0,,,
2025-06-06T20:42:19,AUDUSD,-0.0474732762727981,39.0,,,
2025-06-06T20:42:19,USDCAD,0.0400834505150957,41.0,,,
2025-06-06T20:42:19,XAUUSD,0.1556176191721207,39.0,,,
2025-06-06T20:42:19,CL,0.0039006487743274,37.0,,,
2025-06-06T20:42:19,BTCUSD,0.2174470159742567,36.0,,,
2025-06-06T20:42:19,SPY,-0.0444153845310211,32.0,,,
2025-06-06T20:42:19,AAPL,0.1204293079865284,39.0,,,
2025-06-06T21:34:36,EURUSD,0.0520308315753936,42.0,,,
2025-06-06T21:34:36,USDJPY,0.0761909955426266,38.0,,,
2025-06-06T21:34:36,GBPUSD,0.0726857265910586,37.0,,,
2025-06-06T21:34:36,AUDUSD,-0.0122401541785189,38.0,,,
2025-06-06T21:34:36,USDCAD,-0.0091006190348894,39.0,,,
2025-06-06T21:34:36,XAUUSD,0.1299772293139726,39.0,,,
2025-06-06T21:34:36,CL,0.0299770919715656,34.0,,,
2025-06-06T21:34:36,BTCUSD,0.1845433293162165,37.0,,,
2025-06-06T21:34:36,SPY,-0.0444153845310211,32.0,,,
2025-06-06T21:34:36,AAPL,0.0972417443990707,40.0,,,
2025-06-06T22:42:17,EURUSD,0.0508610123679751,42.0,,,
2025-06-06T22:42:17,USDJPY,0.0523449072712346,38.0,,,
2025-06-06T22:42:17,GBPUSD,0.0447882429147378,39.0,,,
2025-06-06T22:42:17,AUDUSD,-0.0122401541785189,38.0,,,
2025-06-06T22:42:17,USDCAD,-0.0091006190348894,39.0,,,
2025-06-06T22:42:17,XAUUSD,0.1597128196766502,38.0,,,
2025-06-06T22:42:17,CL,0.0299770919715656,34.0,,,
2025-06-06T22:42:17,BTCUSD,0.2115698279561223,37.0,,,
2025-06-06T22:42:17,SPY,-0.016038771831628,33.0,,,
2025-06-06T22:42:17,AAPL,0.1586606747064835,39.0,,,
2025-06-06T23:35:10,EURUSD,0.0520308315753936,42.0,,,
2025-06-06T23:35:10,USDJPY,0.0218343688891484,39.0,,,
2025-06-06T23:35:10,GBPUSD,0.0447882429147378,39.0,,,
2025-06-06T23:35:10,AUDUSD,-0.0119263040713774,39.0,,,
2025-06-06T23:35:10,USDCAD,-0.0091006190348894,39.0,,,
2025-06-06T23:35:10,XAUUSD,0.1480276642776117,41.0,,,
2025-06-06T23:35:10,CL,0.0042196249260621,34.0,,,
2025-06-06T23:35:10,BTCUSD,0.206002442460311,38.0,,,
2025-06-06T23:35:10,SPY,0.0192827006181081,30.0,,,
2025-06-06T23:35:10,AAPL,0.1073871484169593,39.0,,,
2025-06-07T03:36:07,EURUSD,0.0520308315753936,42.0,,,
2025-06-07T03:36:07,USDJPY,0.1013398233212922,38.0,,,
2025-06-07T03:36:07,GBPUSD,0.0447882429147378,39.0,,,
2025-06-07T03:36:07,AUDUSD,-0.0122401541785189,38.0,,,
2025-06-07T03:36:07,USDCAD,-0.0343473752339681,39.0,,,
2025-06-07T03:36:07,XAUUSD,0.1724167887757464,41.0,,,
2025-06-07T03:36:07,CL,0.0042196249260621,34.0,,,
2025-06-07T03:36:07,BTCUSD,0.1845433293162165,37.0,,,
2025-06-07T03:36:07,SPY,-0.0424799621105194,36.0,,,
2025-06-07T03:36:07,AAPL,0.1419244408607483,37.0,,,
2025-06-07T04:47:12,EURUSD,0.0282214440050579,42.0,,,
2025-06-07T04:47:12,USDJPY,0.1013398233212922,38.0,,,
2025-06-07T04:47:12,GBPUSD,0.0447882429147378,39.0,,,
2025-06-07T04:47:12,AUDUSD,0.0035975623775172,37.0,,,
2025-06-07T04:47:12,USDCAD,0.0401622682809829,40.0,,,
2025-06-07T04:47:12,XAUUSD,0.1556359361379574,39.0,,,
2025-06-07T04:47:12,CL,0.0042196249260621,34.0,,,
2025-06-07T04:47:12,BTCUSD,0.1896695329083336,36.0,,,
2025-06-07T04:47:12,SPY,-0.0444153845310211,32.0,,,
2025-06-07T04:47:12,AAPL,0.0878705672315649,37.0,,,
2025-06-07T05:41:28,EURUSD,0.0289097719076203,41.0,,,
2025-06-07T05:41:28,USDJPY,0.1013398233212922,38.0,,,
2025-06-07T05:41:28,GBPUSD,0.0447882429147378,39.0,,,
2025-06-07T05:41:28,AUDUSD,0.0035975623775172,37.0,,,
2025-06-07T05:41:28,USDCAD,0.0400834505150957,41.0,,,
2025-06-07T05:41:28,XAUUSD,0.1299955462798094,39.0,,,
2025-06-07T05:41:28,CL,-0.0244723507336207,35.0,,,
2025-06-07T05:41:28,BTCUSD,0.1561758314308367,38.0,,,
2025-06-07T05:41:28,SPY,-0.016038771831628,33.0,,,
2025-06-07T05:41:28,AAPL,0.1115901544690132,40.0,,,
2025-06-07T06:52:17,EURUSD,0.0282214440050579,42.0,,,
2025-06-07T06:52:17,USDJPY,0.1013398233212922,38.0,,,
2025-06-07T06:52:17,GBPUSD,0.0459668808861782,38.0,,,
2025-06-07T06:52:17,AUDUSD,0.003502889683372,38.0,,,
2025-06-07T06:52:17,USDCAD,0.0391827007619346,41.0,,,
2025-06-07T06:52:17,XAUUSD,0.1553379327822954,39.0,,,
2025-06-07T06:52:17,CL,-0.0237925632132424,36.0,,,
2025-06-07T06:52:17,BTCUSD,0.1874237656593322,37.0,,,
2025-06-07T06:52:17,SPY,0.0192827006181081,30.0,,,
2025-06-07T06:52:17,AAPL,0.1149040927758087,37.0,,,
2025-06-07T07:32:30,EURUSD,0.0534040629863739,40.0,,,
2025-06-07T07:32:30,USDJPY,0.0365225468811235,38.0,,,
2025-06-07T07:32:30,GBPUSD,0.0747047596507602,36.0,,,
2025-06-07T07:32:30,AUDUSD,0.003413071999183,39.0,,,
2025-06-07T07:32:30,USDCAD,0.0165375853196168,39.0,,,
2025-06-07T07:32:30,XAUUSD,0.1553377249302008,39.0,,,
2025-06-07T07:32:30,CL,0.0040990591049194,35.0,,,
2025-06-07T07:32:30,BTCUSD,0.2174472477700975,36.0,,,
2025-06-07T07:32:30,SPY,0.0192827006181081,30.0,,,
2025-06-07T07:32:30,AAPL,0.1351518585131718,39.0,,,
2025-06-07T08:45:06,EURUSD,0.052101524864755,41.0,,,
2025-06-07T08:45:06,USDJPY,0.0365225468811235,38.0,,,
2025-06-07T08:45:06,GBPUSD,0.0447882429147378,39.0,,,
2025-06-07T08:45:06,AUDUSD,0.003502889683372,38.0,,,
2025-06-07T08:45:06,USDCAD,0.0410855367779731,40.0,,,
2025-06-07T08:45:06,XAUUSD,0.1331104228371068,38.0,,,
2025-06-07T08:45:06,CL,-0.0213511143411908,35.0,,,
2025-06-07T08:45:06,BTCUSD,0.1824915612998761,38.0,,,
2025-06-07T08:45:06,SPY,0.0192827006181081,30.0,,,
2025-06-07T08:45:06,AAPL,0.1330259854976947,39.0,,,
2025-06-07T09:35:03,EURUSD,0.0508610123679751,42.0,,,
2025-06-07T09:35:03,USDJPY,0.0365225468811235,38.0,,,
2025-06-07T09:35:03,GBPUSD,0.0459668808861782,38.0,,,
2025-06-07T09:35:03,AUDUSD,0.003502889683372,38.0,,,
2025-06-07T09:35:03,USDCAD,0.0401622682809829,40.0,,,
2025-06-07T09:35:03,XAUUSD,0.1299772293139726,39.0,,,
2025-06-07T09:35:03,CL,-0.0237925632132424,36.0,,,
2025-06-07T09:35:03,BTCUSD,0.2115702951276624,37.0,,,
2025-06-07T09:35:03,SPY,-0.0607414600011464,37.0,,,
2025-06-07T09:35:03,AAPL,0.1607653131851783,39.0,,,
2025-06-07T10:46:16,EURUSD,0.0984671442281632,42.0,,,
2025-06-07T10:46:16,USDJPY,0.0365225468811235,38.0,,,
2025-06-07T10:46:16,GBPUSD,0.0747047745519214,36.0,,,
2025-06-07T10:46:16,AUDUSD,0.0035975623775172,37.0,,,
2025-06-07T10:46:16,USDCAD,0.0161241427063941,40.0,,,
2025-06-07T10:46:16,XAUUSD,0.1330916238458533,38.0,,,
2025-06-07T10:46:16,CL,0.0040990591049194,35.0,,,
2025-06-07T10:46:16,BTCUSD,0.1824915612998761,38.0,,,
2025-06-07T10:46:16,SPY,0.0192827006181081,30.0,,,
2025-06-07T10:46:16,AAPL,0.1381874476608477,38.0,,,
2025-06-07T11:28:54,EURUSD,0.0764916292050989,41.0,,,
2025-06-07T11:28:54,USDJPY,0.0365225468811235,38.0,,,
2025-06-07T11:28:54,GBPUSD,0.0747047596507602,36.0,,,
2025-06-07T11:28:54,AUDUSD,0.0035975623775172,37.0,,,
2025-06-07T11:28:54,USDCAD,0.0165008107821146,39.0,,,
2025-06-07T11:28:54,XAUUSD,0.1333976827169719,38.0,,,
2025-06-07T11:28:54,CL,0.0040990591049194,35.0,,,
2025-06-07T11:28:54,BTCUSD,0.1778122904973152,39.0,,,
2025-06-07T11:28:54,SPY,0.0192827006181081,30.0,,,
2025-06-07T11:28:54,AAPL,0.1118803008606559,38.0,,,
2025-06-07T13:19:57,EURUSD,0.0311921223213798,38.0,,,
2025-06-07T13:19:57,USDJPY,0.0628310598825153,38.0,,,
2025-06-07T13:19:57,GBPUSD,0.0459764584114677,38.0,,,
2025-06-07T13:19:57,AUDUSD,0.003413071999183,39.0,,,
2025-06-07T13:19:57,USDCAD,0.0160882875323295,40.0,,,
2025-06-07T13:19:57,XAUUSD,0.1517278283834457,40.0,,,
2025-06-07T13:19:57,CL,-0.0237925632132424,36.0,,,
2025-06-07T13:19:57,BTCUSD,0.1874237656593322,37.0,,,
2025-06-07T13:19:57,SPY,-0.0135973634258393,31.0,,,
2025-06-07T13:19:57,AAPL,0.1573782354593277,40.0,,,
2025-06-07T14:39:28,EURUSD,0.0284042090177536,40.0,,,
2025-06-07T14:39:28,USDJPY,0.1013398233212922,38.0,,,
2025-06-07T14:39:28,GBPUSD,0.0481036951144536,36.0,,,
2025-06-07T14:39:28,AUDUSD,0.003502889683372,38.0,,,
2025-06-07T14:39:28,USDCAD,0.0160882875323295,40.0,,,
2025-06-07T14:39:28,XAUUSD,0.1334164817082254,38.0,,,
2025-06-07T14:39:28,CL,-0.0237925632132424,36.0,,,
2025-06-07T14:39:28,BTCUSD,0.2060026557821976,38.0,,,
2025-06-07T14:39:28,SPY,-0.0135973634258393,31.0,,,
2025-06-07T14:39:28,AAPL,0.1078949494239611,39.0,,,
2025-06-07T15:36:43,EURUSD,0.07767702893513,41.0,,,
2025-06-07T15:36:43,USDJPY,0.0628310598825153,38.0,,,
2025-06-07T15:36:43,GBPUSD,0.0747047596507602,36.0,,,
2025-06-07T15:36:43,AUDUSD,0.003502889683372,38.0,,,
2025-06-07T15:36:43,USDCAD,0.0160882875323295,40.0,,,
2025-06-07T15:36:43,XAUUSD,0.1296973350720527,39.0,,,
2025-06-07T15:36:43,CL,0.003415625719797,42.0,,,
2025-06-07T15:36:43,BTCUSD,0.2263612961157774,39.0,,,
2025-06-07T15:36:43,SPY,-0.0131724458187818,32.0,,,
2025-06-07T15:36:43,AAPL,0.1365880206227302,40.0,,,
2025-06-07T16:52:17,EURUSD,0.00451967047482,41.0,,,
2025-06-07T16:52:17,USDJPY,0.0365225468811235,38.0,,,
2025-06-07T16:52:17,GBPUSD,0.0747047745519214,36.0,,,
2025-06-07T16:52:17,AUDUSD,0.003502889683372,38.0,,,
2025-06-07T16:52:17,USDCAD,0.0401622682809829,40.0,,,
2025-06-07T16:52:17,XAUUSD,0.1296973350720527,39.0,,,
2025-06-07T16:52:17,CL,0.0040990591049194,35.0,,,
2025-06-07T16:52:17,BTCUSD,0.2060024205007051,38.0,,,
2025-06-07T16:52:17,SPY,-0.0135973634258393,31.0,,,
2025-06-07T16:52:17,AAPL,0.1586585900722406,39.0,,,
2025-06-07T17:36:01,EURUSD,0.052101524864755,41.0,,,
2025-06-07T17:36:01,USDJPY,0.0612200070650149,39.0,,,
2025-06-07T17:36:01,GBPUSD,0.0747047596507602,36.0,,,
2025-06-07T17:36:01,AUDUSD,0.003502889683372,38.0,,,
2025-06-07T17:36:01,USDCAD,-0.0091006190348894,39.0,,,
2025-06-07T17:36:01,XAUUSD,0.1070823669433593,38.0,,,
2025-06-07T17:36:01,CL,0.0040990591049194,35.0,,,
2025-06-07T17:36:01,BTCUSD,0.2060024205007051,38.0,,,
2025-06-07T17:36:01,SPY,0.0192827006181081,30.0,,,
2025-06-07T17:36:01,AAPL,0.1007383497985633,37.0,,,
2025-06-07T18:50:36,EURUSD,0.0534040629863739,40.0,,,
2025-06-07T18:50:36,USDJPY,0.1013398233212922,38.0,,,
2025-06-07T18:50:36,GBPUSD,0.0718780254062853,38.0,,,
2025-06-07T18:50:36,AUDUSD,0.003502889683372,38.0,,,
2025-06-07T18:50:36,USDCAD,0.0401622682809829,40.0,,,
2025-06-07T18:50:36,XAUUSD,0.1331104228371068,38.0,,,
2025-06-07T18:50:36,CL,0.0040990591049194,35.0,,,
2025-06-07T18:50:36,BTCUSD,0.2115702951276624,37.0,,,
2025-06-07T18:50:36,SPY,0.0192827006181081,30.0,,,
2025-06-07T18:50:36,AAPL,0.1345136404037475,40.0,,,
2025-06-07T19:27:32,EURUSD,0.0296325162053108,40.0,,,
2025-06-07T19:27:32,USDJPY,0.0774937350499002,38.0,,,
2025-06-07T19:27:32,GBPUSD,0.0718780254062853,38.0,,,
2025-06-07T19:27:32,AUDUSD,0.003502889683372,38.0,,,
2025-06-07T19:27:32,USDCAD,-0.0343473752339681,39.0,,,
2025-06-07T19:27:32,XAUUSD,0.1334164817082254,38.0,,,
2025-06-07T19:27:32,CL,0.0040990591049194,35.0,,,
2025-06-07T19:27:32,BTCUSD,0.1845430812320193,37.0,,,
2025-06-07T19:27:32,SPY,-0.0135973634258393,31.0,,,
2025-06-07T19:27:32,AAPL,0.1365880206227302,40.0,,,
2025-06-07T20:37:45,EURUSD,0.0047514484478877,39.0,,,
2025-06-07T20:37:45,USDJPY,0.0774937350499002,38.0,,,
2025-06-07T20:37:45,GBPUSD,0.0747047596507602,36.0,,,
2025-06-07T20:37:45,AUDUSD,0.003502889683372,38.0,,,
2025-06-07T20:37:45,USDCAD,-0.0084914445877075,40.0,,,
2025-06-07T20:37:45,XAUUSD,0.1040275424718856,40.0,,,
2025-06-07T20:37:45,CL,-0.0228601115090506,35.0,,,
2025-06-07T20:37:45,BTCUSD,0.2115702951276624,37.0,,,
2025-06-07T20:37:45,SPY,-0.0135973634258393,31.0,,,
2025-06-07T20:37:45,AAPL,0.1095218509435653,40.0,,,
2025-06-07T21:33:08,EURUSD,0.023041646182537,40.0,,,
2025-06-07T21:33:08,USDJPY,0.0750313103199005,38.0,,,
2025-06-07T21:33:08,GBPUSD,0.0718780254062853,38.0,,,
2025-06-07T21:33:08,AUDUSD,0.0035975623775172,37.0,,,
2025-06-07T21:33:08,USDCAD,-0.0091006190348894,39.0,,,
2025-06-07T21:33:08,XAUUSD,0.1296973350720527,39.0,,,
2025-06-07T21:33:08,CL,0.0040990591049194,35.0,,,
2025-06-07T21:33:08,BTCUSD,0.1175693599950699,42.0,,,
2025-06-07T21:33:08,SPY,-0.0135973634258393,31.0,,,
2025-06-07T21:33:08,AAPL,0.1586585900722406,39.0,,,
2025-06-07T22:41:40,EURUSD,0.0718130439519882,40.0,,,
2025-06-07T22:41:40,USDJPY,0.0612200070650149,39.0,,,
2025-06-07T22:41:40,GBPUSD,0.0747047596507602,36.0,,,
2025-06-07T22:41:40,AUDUSD,0.003502889683372,38.0,,,
2025-06-07T22:41:40,USDCAD,0.0161241427063941,40.0,,,
2025-06-07T22:41:40,XAUUSD,0.1334164817082254,38.0,,,
2025-06-07T22:41:40,CL,0.0040990591049194,35.0,,,
2025-06-07T22:41:40,BTCUSD,0.1805151324523122,38.0,,,
2025-06-07T22:41:40,SPY,0.0192827006181081,30.0,,,
2025-06-07T22:41:40,AAPL,0.1345136404037475,40.0,,,
2025-06-07T23:37:05,EURUSD,0.0480414971709251,40.0,,,
2025-06-07T23:37:05,USDJPY,0.0774937350499002,38.0,,,
2025-06-07T23:37:05,GBPUSD,0.0738206747415903,37.0,,,
2025-06-07T23:37:05,AUDUSD,0.003502889683372,38.0,,,
2025-06-07T23:37:05,USDCAD,-0.0091006190348894,39.0,,,
2025-06-07T23:37:05,XAUUSD,0.1331104228371068,38.0,,,
2025-06-07T23:37:05,CL,0.0040990591049194,35.0,,,
2025-06-07T23:37:05,BTCUSD,0.1863831622259957,42.0,,,
2025-06-07T23:37:05,SPY,-0.0393153783437368,37.0,,,
2025-06-07T23:37:05,AAPL,0.1615726053714752,40.0,,,
2025-06-08T03:45:23,EURUSD,0.0480414971709251,40.0,,,
2025-06-08T03:45:23,USDJPY,0.0774937350499002,38.0,,,
2025-06-08T03:45:23,GBPUSD,0.0970790339143652,38.0,,,
2025-06-08T03:45:23,AUDUSD,0.003502889683372,38.0,,,
2025-06-08T03:45:23,USDCAD,-0.0487975150346755,40.0,,,
2025-06-08T03:45:23,XAUUSD,0.1267282456159591,40.0,,,
2025-06-08T03:45:23,CL,0.0040990591049194,35.0,,,
2025-06-08T03:45:23,BTCUSD,0.2007203071545331,39.0,,,
2025-06-08T03:45:23,SPY,0.0192827006181081,30.0,,,
2025-06-08T03:45:23,AAPL,0.1335584819316864,40.0,,,
2025-06-08T04:56:09,EURUSD,0.1179019285411369,41.0,,,
2025-06-08T04:56:09,USDJPY,0.0774937350499002,38.0,,,
2025-06-08T04:56:09,GBPUSD,0.0970790339143652,38.0,,,
2025-06-08T04:56:09,AUDUSD,0.0220724610905898,38.0,,,
2025-06-08T04:56:09,USDCAD,-0.0088731065392494,40.0,,,
2025-06-08T04:56:09,XAUUSD,0.133398153279957,38.0,,,
2025-06-08T04:56:09,CL,0.0047028097841474,36.0,,,
2025-06-08T04:56:09,BTCUSD,0.2060024205007051,38.0,,,
2025-06-08T04:56:09,SPY,0.0192827006181081,30.0,,,
2025-06-08T04:56:09,AAPL,0.1419222435435733,37.0,,,
2025-06-08T05:43:19,EURUSD,0.1444059028858091,41.0,,,
2025-06-08T05:43:19,USDJPY,0.0242397662920829,39.0,,,
2025-06-08T05:43:19,GBPUSD,0.0726857265910586,37.0,,,
2025-06-08T05:43:19,AUDUSD,0.0033277451992034,40.0,,,
2025-06-08T05:43:19,USDCAD,0.0152008742094039,40.0,,,
2025-06-08T05:43:19,XAUUSD,0.129679018106216,39.0,,,
2025-06-08T05:43:19,CL,0.0262814096042088,35.0,,,
2025-06-08T05:43:19,BTCUSD,0.16285098024777,42.0,,,
2025-06-08T05:43:19,SPY,-0.0102190533105064,34.0,,,
2025-06-08T05:43:19,AAPL,0.1386277981706567,37.0,,,
2025-06-08T06:53:52,EURUSD,0.1496376715055326,41.0,,,
2025-06-08T06:53:52,USDJPY,0.0242397662920829,39.0,,,
2025-06-08T06:53:52,GBPUSD,0.0726857265910586,37.0,,,
2025-06-08T06:53:52,AUDUSD,0.003502889683372,38.0,,,
2025-06-08T06:53:52,USDCAD,0.0152008742094039,40.0,,,
2025-06-08T06:53:52,XAUUSD,0.1299772293139726,39.0,,,
2025-06-08T06:53:52,CL,0.0262814096042088,35.0,,,
2025-06-08T06:53:52,BTCUSD,0.1534257139030256,38.0,,,
2025-06-08T06:53:52,SPY,0.0192827006181081,30.0,,,
2025-06-08T06:53:52,AAPL,0.1419310811403635,37.0,,,
2025-06-08T07:32:47,EURUSD,0.0980296090245246,40.0,,,
2025-06-08T07:32:47,USDJPY,0.009953057154631,39.0,,,
2025-06-08T07:32:47,GBPUSD,0.0726857265910586,37.0,,,
2025-06-08T07:32:47,AUDUSD,0.003502889683372,38.0,,,
2025-06-08T07:32:47,USDCAD,-0.0097963750362396,40.0,,,
2025-06-08T07:32:47,XAUUSD,0.1334164817082254,38.0,,,
2025-06-08T07:32:47,CL,0.0262814096042088,35.0,,,
2025-06-08T07:32:47,BTCUSD,0.2263611860764332,39.0,,,
2025-06-08T07:32:47,SPY,-0.0444153845310211,32.0,,,
2025-06-08T07:32:47,AAPL,0.106960632299122,38.0,,,
2025-06-08T08:45:10,EURUSD,0.12180115878582,40.0,,,
2025-06-08T08:45:10,USDJPY,0.0628310598825153,38.0,,,
2025-06-08T08:45:10,GBPUSD,0.0707673853949496,38.0,,,
2025-06-08T08:45:10,AUDUSD,-0.0122401541785189,38.0,,,
2025-06-08T08:45:10,USDCAD,-0.0344119623303413,40.0,,,
2025-06-08T08:45:10,XAUUSD,0.1332175747344368,38.0,,,
2025-06-08T08:45:10,CL,0.0219009178025381,42.0,,,
2025-06-08T08:45:10,BTCUSD,0.1388136787073952,42.0,,,
2025-06-08T08:45:10,SPY,0.0192827006181081,30.0,,,
2025-06-08T08:45:10,AAPL,0.1282324622838925,39.0,,,
2025-06-08T09:35:30,EURUSD,0.12180115878582,40.0,,,
2025-06-08T09:35:30,USDJPY,0.0774937350499002,38.0,,,
2025-06-08T09:35:30,GBPUSD,0.0426134288311004,40.0,,,
2025-06-08T09:35:30,AUDUSD,0.003502889683372,38.0,,,
2025-06-08T09:35:30,USDCAD,-0.0097963750362396,40.0,,,
2025-06-08T09:35:30,XAUUSD,0.133398153279957,38.0,,,
2025-06-08T09:35:30,CL,-0.0245384792002235,41.0,,,
2025-06-08T09:35:30,BTCUSD,0.1534257139030256,38.0,,,
2025-06-08T09:35:30,SPY,0.0192827006181081,30.0,,,
2025-06-08T09:35:30,AAPL,0.0845364183187484,40.0,,,
2025-06-08T10:44:10,EURUSD,0.1675976558429439,41.0,,,
2025-06-08T10:44:10,USDJPY,0.0774937350499002,38.0,,,
2025-06-08T10:44:10,GBPUSD,0.0707673853949496,38.0,,,
2025-06-08T10:44:10,AUDUSD,0.003502889683372,38.0,,,
2025-06-08T10:44:10,USDCAD,0.0152008742094039,40.0,,,
2025-06-08T10:44:10,XAUUSD,0.1299776878112401,39.0,,,
2025-06-08T10:44:10,CL,0.0008312344551086,35.0,,,
2025-06-08T10:44:10,BTCUSD,0.2263611891330816,39.0,,,
2025-06-08T10:44:10,SPY,-0.0393153783437368,37.0,,,
2025-06-08T10:44:10,AAPL,0.1419222435435733,37.0,,,
2025-06-08T11:29:02,EURUSD,0.1249242654213538,39.0,,,
2025-06-08T11:29:02,USDJPY,0.0628310598825153,38.0,,,
2025-06-08T11:29:02,GBPUSD,0.0446827803787432,38.0,,,
2025-06-08T11:29:02,AUDUSD,-0.0258787964519701,38.0,,,
2025-06-08T11:29:02,USDCAD,0.0152008742094039,40.0,,,
2025-06-08T11:29:02,XAUUSD,0.1299776878112401,39.0,,,
2025-06-08T11:29:02,CL,0.0255513687928517,36.0,,,
2025-06-08T11:29:02,BTCUSD,0.1388136787073952,42.0,,,
2025-06-08T11:29:02,SPY,0.0192827006181081,30.0,,,
2025-06-08T11:29:02,AAPL,0.1381874476608477,38.0,,,
2025-06-08T13:19:32,EURUSD,0.1249242654213538,39.0,,,
2025-06-08T13:19:32,USDJPY,0.0511852220485084,38.0,,,
2025-06-08T13:19:32,GBPUSD,-0.0065425366163253,40.0,,,
2025-06-08T13:19:32,AUDUSD,-0.010135752590079,38.0,,,
2025-06-08T13:19:32,USDCAD,-0.0097963750362396,40.0,,,
2025-06-08T13:19:32,XAUUSD,0.1333915261845839,38.0,,,
2025-06-08T13:19:32,CL,0.0528118645443635,34.0,,,
2025-06-08T13:19:32,BTCUSD,0.2263611860764332,39.0,,,
2025-06-08T13:19:32,SPY,-0.0393153783437368,37.0,,,
2025-06-08T13:19:32,AAPL,0.1345136404037475,40.0,,,
2025-06-08T14:39:08,EURUSD,0.1249242654213538,39.0,,,
2025-06-08T14:39:08,USDJPY,0.0242397662920829,39.0,,,
2025-06-08T14:39:08,GBPUSD,0.0446827803787432,38.0,,,
2025-06-08T14:39:08,AUDUSD,-0.010135752590079,38.0,,,
2025-06-08T14:39:08,USDCAD,-0.0344119623303413,40.0,,,
2025-06-08T14:39:08,XAUUSD,0.1265388339757919,40.0,,,
2025-06-08T14:39:08,CL,0.0255513687928517,36.0,,,
2025-06-08T14:39:08,BTCUSD,0.2263611860764332,39.0,,,
2025-06-08T14:39:08,SPY,0.0192827006181081,30.0,,,
2025-06-08T14:39:08,AAPL,0.1424395055384249,37.0,,,
2025-06-08T15:41:01,EURUSD,0.0749021692153735,39.0,,,
2025-06-08T15:41:01,USDJPY,0.0628310598825153,38.0,,,
2025-06-08T15:41:01,GBPUSD,0.0707673853949496,38.0,,,
2025-06-08T15:41:01,AUDUSD,-0.010135752590079,38.0,,,
2025-06-08T15:41:01,USDCAD,-0.0241205212546557,41.0,,,
2025-06-08T15:41:01,XAUUSD,0.1334169522712105,38.0,,,
2025-06-08T15:41:01,CL,0.0262814096042088,35.0,,,
2025-06-08T15:41:01,BTCUSD,0.1459936514496803,40.0,,,
2025-06-08T15:41:01,SPY,-0.0135973634258393,31.0,,,
2025-06-08T15:41:01,AAPL,0.1798066154122352,40.0,,,
2025-06-08T16:48:57,EURUSD,0.0980296120047569,40.0,,,
2025-06-08T16:48:57,USDJPY,0.0774937350499002,38.0,,,
2025-06-08T16:48:57,GBPUSD,0.0471710248125924,36.0,,,
2025-06-08T16:48:57,AUDUSD,-0.010135752590079,38.0,,,
2025-06-08T16:48:57,USDCAD,-0.0344119623303413,40.0,,,
2025-06-08T16:48:57,XAUUSD,0.1332175747344368,38.0,,,
2025-06-08T16:48:57,CL,0.0255513687928517,36.0,,,
2025-06-08T16:48:57,BTCUSD,0.1957022130489349,40.0,,,
2025-06-08T16:48:57,SPY,-0.0135973634258393,31.0,,,
2025-06-08T16:48:57,AAPL,0.111614054441452,40.0,,,
2025-06-08T17:34:56,EURUSD,0.1005431917997507,39.0,,,
2025-06-08T17:34:56,USDJPY,0.0774937350499002,38.0,,,
2025-06-08T17:34:56,GBPUSD,0.0178330540657043,40.0,,,
2025-06-08T17:34:56,AUDUSD,-0.010135752590079,38.0,,,
2025-06-08T17:34:56,USDCAD,-0.0097963750362396,40.0,,,
2025-06-08T17:34:56,XAUUSD,0.1296973350720527,39.0,,,
2025-06-08T17:34:56,CL,0.0457104245821634,42.0,,,
2025-06-08T17:34:56,BTCUSD,0.2263611860764332,39.0,,,
2025-06-08T17:34:56,SPY,-0.0135973634258393,31.0,,,
2025-06-08T17:34:56,AAPL,0.111614054441452,40.0,,,
2025-06-08T18:52:58,EURUSD,0.1626898220607212,42.0,,,
2025-06-08T18:52:58,USDJPY,0.0774937350499002,38.0,,,
2025-06-08T18:52:58,GBPUSD,0.0471710248125924,36.0,,,
2025-06-08T18:52:58,AUDUSD,-0.0098758614980257,39.0,,,
2025-06-08T18:52:58,USDCAD,-0.000140294796083,41.0,,,
2025-06-08T18:52:58,XAUUSD,0.1298017394848359,39.0,,,
2025-06-08T18:52:58,CL,0.0255513687928517,36.0,,,
2025-06-08T18:52:58,BTCUSD,0.1957022130489349,40.0,,,
2025-06-08T18:52:58,SPY,-0.0135973634258393,31.0,,,
2025-06-08T18:52:58,AAPL,0.1048481658101081,40.0,,,
2025-06-08T19:07:37,EURUSD,0.1005431917997507,39.0,,,
2025-06-08T19:07:37,USDJPY,0.0774937350499002,38.0,,,
2025-06-08T19:07:37,GBPUSD,0.0426177129149436,40.0,,,
2025-06-08T19:07:37,AUDUSD,-0.010135752590079,38.0,,,
2025-06-08T19:07:37,USDCAD,-0.0097963750362396,40.0,,,
2025-06-08T19:07:37,XAUUSD,0.1331104228371068,38.0,,,
2025-06-08T19:07:37,CL,0.0294011865343366,35.0,,,
2025-06-08T19:07:37,BTCUSD,0.2060023295251946,38.0,,,
2025-06-08T19:07:37,SPY,-0.0135973634258393,31.0,,,
2025-06-08T19:07:37,AAPL,0.1098514601990983,37.0,,,
2025-06-08T19:27:59,EURUSD,0.1005431917997507,39.0,,,
2025-06-08T19:27:59,USDJPY,0.1013398233212922,38.0,,,
2025-06-08T19:27:59,GBPUSD,0.0747047745519214,36.0,,,
2025-06-08T19:27:59,AUDUSD,-0.010135752590079,38.0,,,
2025-06-08T19:27:59,USDCAD,-0.0097963750362396,40.0,,,
2025-06-08T19:27:59,XAUUSD,0.1331104228371068,38.0,,,
2025-06-08T19:27:59,CL,0.0008312361580984,35.0,,,
2025-06-08T19:27:59,BTCUSD,0.186432584410622,42.0,,,
2025-06-08T19:27:59,SPY,0.0192827006181081,30.0,,,
2025-06-08T19:27:59,AAPL,0.106960632299122,38.0,,,
2025-06-08T20:38:29,EURUSD,0.1249242654213538,39.0,,,
2025-06-08T20:38:29,USDJPY,0.1013398233212922,38.0,,,
2025-06-08T20:38:29,GBPUSD,0.0747047745519214,36.0,,,
2025-06-08T20:38:29,AUDUSD,-0.010135752590079,38.0,,,
2025-06-08T20:38:29,USDCAD,-0.0097963750362396,40.0,,,
2025-06-08T20:38:29,XAUUSD,0.1265388339757919,40.0,,,
2025-06-08T20:38:29,CL,0.0255513687928517,36.0,,,
2025-06-08T20:38:29,BTCUSD,0.2207021564245224,40.0,,,
2025-06-08T20:38:29,SPY,0.0192827006181081,30.0,,,
2025-06-08T20:38:29,AAPL,0.107403564453125,40.0,,,
2025-06-08T21:32:35,EURUSD,0.148697876348728,41.0,,,
2025-06-08T21:32:35,USDJPY,0.0774937350499002,38.0,,,
2025-06-08T21:32:35,GBPUSD,0.0471710248125924,36.0,,,
2025-06-08T21:32:35,AUDUSD,-0.010135752590079,38.0,,,
2025-06-08T21:32:35,USDCAD,0.0152008742094039,40.0,,,
2025-06-08T21:32:35,XAUUSD,0.1099764849688555,37.0,,,
2025-06-08T21:32:35,CL,0.0528118645443635,34.0,,,
2025-06-08T21:32:35,BTCUSD,0.2007202215683766,39.0,,,
2025-06-08T21:32:35,SPY,0.0192827006181081,30.0,,,
2025-06-08T21:32:35,AAPL,0.107403564453125,40.0,,,
2025-06-08T22:41:11,EURUSD,0.0980296120047569,40.0,,,
2025-06-08T22:41:11,USDJPY,0.098741366313054,39.0,,,
2025-06-08T22:41:11,GBPUSD,0.0200870351658927,36.0,,,
2025-06-08T22:41:11,AUDUSD,-0.010135752590079,38.0,,,
2025-06-08T22:41:11,USDCAD,-0.0097963750362396,40.0,,,
2025-06-08T22:41:11,XAUUSD,0.1070823669433593,38.0,,,
2025-06-08T22:41:11,CL,0.0255513687928517,36.0,,,
2025-06-08T22:41:11,BTCUSD,0.2263611860764332,39.0,,,
2025-06-08T22:41:11,SPY,0.0192827006181081,30.0,,,
2025-06-08T22:41:11,AAPL,0.1419222435435733,37.0,,,
2025-06-08T23:34:25,EURUSD,0.12180115878582,40.0,,,
2025-06-08T23:34:25,USDJPY,0.0761840233677312,38.0,,,
2025-06-08T23:34:25,GBPUSD,0.046561207320239,37.0,,,
2025-06-08T23:34:25,AUDUSD,-0.010135752590079,38.0,,,
2025-06-08T23:34:25,USDCAD,-0.0097963750362396,40.0,,,
2025-06-08T23:34:25,XAUUSD,0.106775834372169,38.0,,,
2025-06-08T23:34:25,CL,0.0286518053876029,36.0,,,
2025-06-08T23:34:25,BTCUSD,0.2263611860764332,39.0,,,
2025-06-08T23:34:25,SPY,-0.0143048505525331,37.0,,,
2025-06-08T23:34:25,AAPL,0.1345136404037475,40.0,,,
2025-06-09T03:45:24,EURUSD,-0.0019015744328498,40.0,,,
2025-06-09T03:45:24,USDJPY,0.0786534202726263,38.0,,,
2025-06-09T03:45:24,GBPUSD,0.0200870351658927,36.0,,,
2025-06-09T03:45:24,AUDUSD,0.0084338188171386,38.0,,,
2025-06-09T03:45:24,USDCAD,-0.0097963750362396,40.0,,,
2025-06-09T03:45:24,XAUUSD,0.085273512535625,36.0,,,
2025-06-09T03:45:24,CL,0.0468253129866065,41.0,,,
2025-06-09T03:45:24,BTCUSD,0.2263611860764332,39.0,,,
2025-06-09T03:45:24,SPY,-0.0393153783437368,37.0,,,
2025-06-09T03:45:24,AAPL,0.090133599332861,37.0,,,
2025-06-09T04:58:30,EURUSD,0.0765094524476586,41.0,,,
2025-06-09T04:58:30,USDJPY,0.0774937350499002,38.0,,,
2025-06-09T04:58:30,GBPUSD,0.0190287734332837,38.0,,,
2025-06-09T04:58:30,AUDUSD,-0.0098758614980257,39.0,,,
2025-06-09T04:58:30,USDCAD,0.0152008742094039,40.0,,,
2025-06-09T04:58:30,XAUUSD,0.1296909268085773,39.0,,,
2025-06-09T04:58:30,CL,0.0255513687928517,36.0,,,
2025-06-09T04:58:30,BTCUSD,0.2263611860764332,39.0,,,
2025-06-09T04:58:30,SPY,0.0192827006181081,30.0,,,
2025-06-09T04:58:30,AAPL,0.1441630286139411,37.0,,,
2025-06-09T05:47:08,EURUSD,0.0718445912003517,40.0,,,
2025-06-09T05:47:08,USDJPY,0.0774937350499002,38.0,,,
2025-06-09T05:47:08,GBPUSD,0.0200870351658927,36.0,,,
2025-06-09T05:47:08,AUDUSD,-0.010135752590079,38.0,,,
2025-06-09T05:47:08,USDCAD,-0.0088731065392494,40.0,,,
2025-06-09T05:47:08,XAUUSD,0.1593942532413884,38.0,,,
2025-06-09T05:47:08,CL,0.0255513687928517,36.0,,,
2025-06-09T05:47:08,BTCUSD,0.2263611860764332,39.0,,,
2025-06-09T05:47:08,SPY,-0.0135973634258393,31.0,,,
2025-06-09T05:47:08,AAPL,0.1381874476608477,38.0,,,
2025-06-09T06:58:34,EURUSD,0.0712776838279352,41.0,,,
2025-06-09T06:58:34,USDJPY,0.0774937350499002,38.0,,,
2025-06-09T06:58:34,GBPUSD,0.0458961322500899,37.0,,,
2025-06-09T06:58:34,AUDUSD,-0.0104096918492703,37.0,,,
2025-06-09T06:58:34,USDCAD,-0.0088731065392494,40.0,,,
2025-06-09T06:58:34,XAUUSD,0.1096742233714541,37.0,,,
2025-06-09T06:58:34,CL,0.0262814096042088,35.0,,,
2025-06-09T06:58:34,BTCUSD,0.252002205604162,39.0,,,
2025-06-09T06:58:34,SPY,-0.0135973634258393,31.0,,,
2025-06-09T06:58:34,AAPL,0.161604169011116,40.0,,,
2025-06-09T07:39:47,EURUSD,0.0480730444192886,40.0,,,
2025-06-09T07:39:47,USDJPY,0.0774937350499002,38.0,,,
2025-06-09T07:39:47,GBPUSD,0.0450832843780517,38.0,,,
2025-06-09T07:39:47,AUDUSD,0.0086617598662505,37.0,,,
2025-06-09T07:39:47,USDCAD,-0.0088731065392494,40.0,,,
2025-06-09T07:39:47,XAUUSD,0.1297953312213604,39.0,,,
2025-06-09T07:39:47,CL,0.0255513687928517,36.0,,,
2025-06-09T07:39:47,BTCUSD,0.252002205604162,39.0,,,
2025-06-09T07:39:47,SPY,0.0192827006181081,30.0,,,
2025-06-09T07:39:47,AAPL,0.1419414990657084,37.0,,,
2025-06-09T08:56:39,EURUSD,0.1053241819143295,40.0,,,
2025-06-09T08:56:39,USDJPY,0.0755067162024669,39.0,,,
2025-06-09T08:56:39,GBPUSD,0.0446827803787432,38.0,,,
2025-06-09T08:56:39,AUDUSD,-0.022535216808319,40.0,,,
2025-06-09T08:56:39,USDCAD,0.0152008742094039,40.0,,,
2025-06-09T08:56:39,XAUUSD,0.10283026569768,38.0,,,
2025-06-09T08:56:39,CL,0.0262814096042088,35.0,,,
2025-06-09T08:56:39,BTCUSD,0.2263611891330816,39.0,,,
2025-06-09T08:56:39,SPY,-0.0135973634258393,31.0,,,
2025-06-09T08:56:39,AAPL,0.1366009876132011,40.0,,,
2025-06-09T09:42:56,EURUSD,0.0847953150912029,41.0,,,
2025-06-09T09:42:56,USDJPY,0.0774937350499002,38.0,,,
2025-06-09T09:42:56,GBPUSD,0.0471710248125924,36.0,,,
2025-06-09T09:42:56,AUDUSD,-0.0237212808508622,38.0,,,
2025-06-09T09:42:56,USDCAD,-0.0088731065392494,40.0,,,
2025-06-09T09:42:56,XAUUSD,0.1070823669433593,38.0,,,
2025-06-09T09:42:56,CL,0.0255513687928517,36.0,,,
2025-06-09T09:42:56,BTCUSD,0.2263611860764332,39.0,,,
2025-06-09T09:42:56,SPY,-0.0135973634258393,31.0,,,
2025-06-09T09:42:56,AAPL,0.1330325053288386,39.0,,,
2025-06-09T10:51:06,EURUSD,0.1053241819143295,40.0,,,
2025-06-09T10:51:06,USDJPY,0.0774937350499002,38.0,,,
2025-06-09T10:51:06,GBPUSD,0.0200870351658927,36.0,,,
2025-06-09T10:51:06,AUDUSD,-0.0237212808508622,38.0,,,
2025-06-09T10:51:06,USDCAD,-0.0088731065392494,40.0,,,
2025-06-09T10:51:06,XAUUSD,0.1267282456159591,40.0,,,
2025-06-09T10:51:06,CL,0.0262814096042088,35.0,,,
2025-06-09T10:51:06,BTCUSD,0.162623066277731,42.0,,,
2025-06-09T10:51:06,SPY,-0.0155670432483448,34.0,,,
2025-06-09T10:51:06,AAPL,0.0879207473052175,38.0,,,
2025-06-09T11:33:34,EURUSD,0.0827763790176028,42.0,,,
2025-06-09T11:33:34,USDJPY,0.0774937350499002,38.0,,,
2025-06-09T11:33:34,GBPUSD,0.0190242638713435,38.0,,,
2025-06-09T11:33:34,AUDUSD,-0.0237212808508622,38.0,,,
2025-06-09T11:33:34,USDCAD,-0.0093401090094917,38.0,,,
2025-06-09T11:33:34,XAUUSD,0.1070823669433593,38.0,,,
2025-06-09T11:33:34,CL,0.0479959458112716,40.0,,,
2025-06-09T11:33:34,BTCUSD,0.2263611860764332,39.0,,,
2025-06-09T11:33:34,SPY,-0.0393153783437368,37.0,,,
2025-06-09T11:33:34,AAPL,0.1382061964587161,38.0,,,
2025-06-09T13:46:52,EURUSD,0.1027552994286141,41.0,,,
2025-06-09T13:46:52,USDJPY,0.0774937350499002,38.0,,,
2025-06-09T13:46:52,GBPUSD,0.0691779744930756,39.0,,,
2025-06-09T13:46:52,AUDUSD,-0.0237212808508622,38.0,,,
2025-06-09T13:46:52,USDCAD,-0.0091006190348894,39.0,,,
2025-06-09T13:46:52,XAUUSD,0.1099764849688555,37.0,,,
2025-06-09T13:46:52,CL,0.0822221075787263,34.0,,,
2025-06-09T13:46:52,BTCUSD,0.2007202368516188,39.0,,,
2025-06-09T13:46:52,SPY,0.0186606780175239,31.0,,,
2025-06-09T13:46:52,AAPL,0.111905741064172,38.0,,,
2025-06-09T14:48:53,EURUSD,0.0847953150912029,41.0,,,
2025-06-09T14:48:53,USDJPY,0.0755067162024669,39.0,,,
2025-06-09T14:48:53,GBPUSD,0.0689514860128745,39.0,,,
2025-06-09T14:48:53,AUDUSD,-0.0237212808508622,38.0,,,
2025-06-09T14:48:53,USDCAD,-0.0091006190348894,39.0,,,
2025-06-09T14:48:53,XAUUSD,0.0786282561327281,38.0,,,
2025-06-09T14:48:53,CL,0.0116394397459532,38.0,,,
2025-06-09T14:48:53,BTCUSD,0.2007202368516188,39.0,,,
2025-06-09T14:48:53,SPY,0.0192827006181081,30.0,,,
2025-06-09T14:48:53,AAPL,0.1365693494677543,40.0,,,
2025-06-09T15:43:02,EURUSD,0.0433962449431419,40.0,,,
2025-06-09T15:43:02,USDJPY,0.0755067162024669,39.0,,,
2025-06-09T15:43:02,GBPUSD,0.0471710248125924,36.0,,,
2025-06-09T15:43:02,AUDUSD,-0.0237212808508622,38.0,,,
2025-06-09T15:43:02,USDCAD,-0.0088731065392494,40.0,,,
2025-06-09T15:43:02,XAUUSD,0.0810681613715919,37.0,,,
2025-06-09T15:43:02,CL,0.0119540191985465,37.0,,,
2025-06-09T15:43:02,BTCUSD,0.2007202368516188,39.0,,,
2025-06-09T15:43:02,SPY,-0.0131724458187818,32.0,,,
2025-06-09T15:43:02,AAPL,0.1586768581317021,39.0,,,
2025-06-09T16:56:30,EURUSD,0.0915021643042564,40.0,,,
2025-06-09T16:56:30,USDJPY,0.0242327329439994,39.0,,,
2025-06-09T16:56:30,GBPUSD,0.0458961322500899,37.0,,,
2025-06-09T16:56:30,AUDUSD,-0.0231130428803272,39.0,,,
2025-06-09T16:56:30,USDCAD,0.0151650190353393,40.0,,,
2025-06-09T16:56:30,XAUUSD,0.0849499503771464,36.0,,,
2025-06-09T16:56:30,CL,0.0389578777390557,37.0,,,
2025-06-09T16:56:30,BTCUSD,0.2007202337949704,39.0,,,
2025-06-09T16:56:30,SPY,0.0186606780175239,31.0,,,
2025-06-09T16:56:30,AAPL,0.1345314517617225,40.0,,,
2025-06-09T17:38:02,EURUSD,0.0677306175231933,40.0,,,
2025-06-09T17:38:02,USDJPY,0.0755067162024669,39.0,,,
2025-06-09T17:38:02,GBPUSD,0.0471710248125924,36.0,,,
2025-06-09T17:38:02,AUDUSD,-0.0231130428803272,39.0,,,
2025-06-09T17:38:02,USDCAD,-0.0088731065392494,40.0,,,
2025-06-09T17:38:02,XAUUSD,0.1070823669433593,38.0,,,
2025-06-09T17:38:02,CL,0.0255513687928517,36.0,,,
2025-06-09T17:38:02,BTCUSD,0.2007202337949704,39.0,,,
2025-06-09T17:38:02,SPY,0.0186606780175239,31.0,,,
2025-06-09T17:38:02,AAPL,0.1586768581317021,39.0,,,
2025-06-09T18:54:00,EURUSD,0.0777909561991691,40.0,,,
2025-06-09T18:54:00,USDJPY,0.0755067162024669,39.0,,,
2025-06-09T18:54:00,GBPUSD,0.0948149653581472,39.0,,,
2025-06-09T18:54:00,AUDUSD,-0.022535216808319,40.0,,,
2025-06-09T18:54:00,USDCAD,0.009300248324871,40.0,,,
2025-06-09T18:54:00,XAUUSD,0.0826358811275379,37.0,,,
2025-06-09T18:54:00,CL,0.0389578777390557,37.0,,,
2025-06-09T18:54:00,BTCUSD,0.1750792692869137,39.0,,,
2025-06-09T18:54:00,SPY,-0.0131724458187818,32.0,,,
2025-06-09T18:54:00,AAPL,0.0965331651662525,38.0,,,
2025-06-09T19:30:21,EURUSD,0.0915021643042564,40.0,,,
2025-06-09T19:30:21,USDJPY,0.0498666686889452,39.0,,,
2025-06-09T19:30:21,GBPUSD,0.0691740589264111,39.0,,,
2025-06-09T19:30:21,AUDUSD,-0.022535216808319,40.0,,,
2025-06-09T19:30:21,USDCAD,0.0151650190353393,40.0,,,
2025-06-09T19:30:21,XAUUSD,0.0784165125626784,39.0,,,
2025-06-09T19:30:21,CL,0.0119540191985465,37.0,,,
2025-06-09T19:30:21,BTCUSD,0.179686615341588,38.0,,,
2025-06-09T19:30:21,SPY,-0.0131724458187818,32.0,,,
2025-06-09T19:30:21,AAPL,0.1419414990657084,37.0,,,
2025-06-09T20:28:19,EURUSD,0.0927306145429611,40.0,,,
2025-06-09T20:28:19,USDJPY,0.0755067162024669,39.0,,,
2025-06-09T20:28:19,GBPUSD,0.0729131972467577,37.0,,,
2025-06-09T20:28:19,AUDUSD,-0.0243623965495341,37.0,,,
2025-06-09T20:28:19,USDCAD,-0.0088731065392494,40.0,,,
2025-06-09T20:28:19,XAUUSD,0.1366735229621062,37.0,,,
2025-06-09T20:28:19,CL,0.0116394397459532,38.0,,,
2025-06-09T20:28:19,BTCUSD,0.179686615341588,38.0,,,
2025-06-09T20:28:19,SPY,-0.0131724458187818,32.0,,,
2025-06-09T20:28:19,AAPL,0.1382061964587161,38.0,,,
2025-06-09T20:42:42,EURUSD,0.1165021613240242,40.0,,,
2025-06-09T20:42:42,USDJPY,0.0755067162024669,39.0,,,
2025-06-09T20:42:42,GBPUSD,0.0729131972467577,37.0,,,
2025-06-09T20:42:42,AUDUSD,-0.0231130428803272,39.0,,,
2025-06-09T20:42:42,USDCAD,0.0189528211951255,40.0,,,
2025-06-09T20:42:42,XAUUSD,0.1593915898548929,38.0,,,
2025-06-09T20:42:42,CL,0.0255513687928517,36.0,,,
2025-06-09T20:42:42,BTCUSD,0.179686615341588,38.0,,,
2025-06-09T20:42:42,SPY,-0.0131724458187818,32.0,,,
2025-06-09T20:42:42,AAPL,0.1382061964587161,38.0,,,
2025-06-09T21:38:14,EURUSD,0.1303241789340972,40.0,,,
2025-06-09T21:38:14,USDJPY,0.0755067162024669,39.0,,,
2025-06-09T21:38:14,GBPUSD,0.0471710248125924,36.0,,,
2025-06-09T21:38:14,AUDUSD,-0.0243623965495341,37.0,,,
2025-06-09T21:38:14,USDCAD,0.0151650190353393,40.0,,,
2025-06-09T21:38:14,XAUUSD,0.1269529625773429,40.0,,,
2025-06-09T21:38:14,CL,0.0479959458112716,40.0,,,
2025-06-09T21:38:14,BTCUSD,0.1575162636267172,37.0,,,
2025-06-09T21:38:14,SPY,-0.0131724458187818,32.0,,,
2025-06-09T21:38:14,AAPL,0.1382061964587161,38.0,,,
2025-06-09T22:44:34,EURUSD,0.0859938031289635,41.0,,,
2025-06-09T22:44:34,USDJPY,0.0755067162024669,39.0,,,
2025-06-09T22:44:34,GBPUSD,0.0729131972467577,37.0,,,
2025-06-09T22:44:34,AUDUSD,-0.0237212808508622,38.0,,,
2025-06-09T22:44:34,USDCAD,-0.0088731065392494,40.0,,,
2025-06-09T22:44:34,XAUUSD,0.1369878021446434,37.0,,,
2025-06-09T22:44:34,CL,0.0255513687928517,36.0,,,
2025-06-09T22:44:34,BTCUSD,0.179686615341588,38.0,,,
2025-06-09T22:44:34,SPY,0.0186606780175239,31.0,,,
2025-06-09T22:44:34,AAPL,0.1335266721554291,39.0,,,
2025-06-09T23:35:53,EURUSD,0.1091855560860982,41.0,,,
2025-06-09T23:35:53,USDJPY,0.0755067162024669,39.0,,,
2025-06-09T23:35:53,GBPUSD,0.0709944288981588,38.0,,,
2025-06-09T23:35:53,AUDUSD,-0.0243623965495341,37.0,,,
2025-06-09T23:35:53,USDCAD,-0.0088731065392494,40.0,,,
2025-06-09T23:35:53,XAUUSD,0.0826364191802772,37.0,,,
2025-06-09T23:35:53,CL,0.0285844852526982,36.0,,,
2025-06-09T23:35:53,BTCUSD,0.1233668848872184,40.0,,,
2025-06-09T23:35:53,SPY,0.0186606780175239,31.0,,,
2025-06-09T23:35:53,AAPL,0.1074243829800532,39.0,,,
2025-06-10T03:41:26,EURUSD,0.1165021613240242,40.0,,,
2025-06-10T03:41:26,USDJPY,0.0755067162024669,39.0,,,
2025-06-10T03:41:26,GBPUSD,0.0471710248125924,36.0,,,
2025-06-10T03:41:26,AUDUSD,-0.0243623965495341,37.0,,,
2025-06-10T03:41:26,USDCAD,-0.0088731065392494,40.0,,,
2025-06-10T03:41:26,XAUUSD,0.1326207792436754,37.0,,,
2025-06-10T03:41:26,CL,0.0255513687928517,36.0,,,
2025-06-10T03:41:26,BTCUSD,0.1845430103508201,37.0,,,
2025-06-10T03:41:26,SPY,-0.0663423828176549,37.0,,,
2025-06-10T03:41:26,AAPL,0.1181065440177917,36.0,,,
2025-06-10T04:54:13,EURUSD,0.0904688922370352,41.0,,,
2025-06-10T04:54:13,USDJPY,0.0755067162024669,39.0,,,
2025-06-10T04:54:13,GBPUSD,0.0729178286887504,37.0,,,
2025-06-10T04:54:13,AUDUSD,-0.0231130428803272,39.0,,,
2025-06-10T04:54:13,USDCAD,0.0151650190353393,40.0,,,
2025-06-10T04:54:13,XAUUSD,0.0903880815756948,38.0,,,
2025-06-10T04:54:13,CL,0.0457104245821634,42.0,,,
2025-06-10T04:54:13,BTCUSD,0.1388136105878012,42.0,,,
2025-06-10T04:54:13,SPY,0.0186606780175239,31.0,,,
2025-06-10T04:54:13,AAPL,0.1382061964587161,38.0,,,
2025-06-10T05:45:02,EURUSD,0.1091855560860982,41.0,,,
2025-06-10T05:45:02,USDJPY,0.0755067162024669,39.0,,,
2025-06-10T05:45:02,GBPUSD,0.0948149653581472,39.0,,,
2025-06-10T05:45:02,AUDUSD,-0.022535216808319,40.0,,,
2025-06-10T05:45:02,USDCAD,-0.0088731065392494,40.0,,,
2025-06-10T05:45:02,XAUUSD,0.0928310026993622,37.0,,,
2025-06-10T05:45:02,CL,0.0518878118411914,37.0,,,
2025-06-10T05:45:02,BTCUSD,0.1305454598890768,37.0,,,
2025-06-10T05:45:02,SPY,0.0186606780175239,31.0,,,
2025-06-10T05:45:02,AAPL,0.1586864453095656,39.0,,,
2025-06-10T06:57:00,EURUSD,0.0854447047884871,41.0,,,
2025-06-10T06:57:00,USDJPY,0.0755067162024669,39.0,,,
2025-06-10T06:57:00,GBPUSD,0.0709944288981588,38.0,,,
2025-06-10T06:57:00,AUDUSD,-0.022535216808319,40.0,,,
2025-06-10T06:57:00,USDCAD,0.009300248324871,40.0,,,
2025-06-10T06:57:00,XAUUSD,0.0903880815756948,38.0,,,
2025-06-10T06:57:00,CL,0.0438173413276672,38.0,,,
2025-06-10T06:57:00,BTCUSD,0.1831847123197607,37.0,,,
2025-06-10T06:57:00,SPY,-0.0430694637876568,33.0,,,
2025-06-10T06:57:00,AAPL,0.1319748316055689,39.0,,,
2025-06-10T07:36:45,EURUSD,0.0487680566020128,41.0,,,
2025-06-10T07:36:45,USDJPY,0.098741366313054,39.0,,,
2025-06-10T07:36:45,GBPUSD,0.0446883392961401,38.0,,,
2025-06-10T07:36:45,AUDUSD,-0.0237212808508622,38.0,,,
2025-06-10T07:36:45,USDCAD,0.009300248324871,40.0,,,
2025-06-10T07:36:45,XAUUSD,0.1325171251554747,37.0,,,
2025-06-10T07:36:45,CL,0.0272251324994223,42.0,,,
2025-06-10T07:36:45,BTCUSD,0.1562139085821203,37.0,,,
2025-06-10T07:36:45,SPY,0.0186606780175239,31.0,,,
2025-06-10T07:36:45,AAPL,0.111345836520195,40.0,,,
2025-06-10T08:57:04,EURUSD,0.0985874503850936,40.0,,,
2025-06-10T08:57:04,USDJPY,0.098741366313054,39.0,,,
2025-06-10T08:57:04,GBPUSD,0.1143312744977997,41.0,,,
2025-06-10T08:57:04,AUDUSD,-0.0237212808508622,38.0,,,
2025-06-10T08:57:04,USDCAD,0.009300248324871,40.0,,,
2025-06-10T08:57:04,XAUUSD,0.1084402816163169,36.0,,,
2025-06-10T08:57:04,CL,0.0317629658513598,36.0,,,
2025-06-10T08:57:04,BTCUSD,0.2102114590438636,37.0,,,
2025-06-10T08:57:04,SPY,-0.0430694637876568,33.0,,,
2025-06-10T08:57:04,AAPL,0.0562514245510101,40.0,,,
2025-06-10T09:42:49,EURUSD,0.0244613725964615,41.0,,,
2025-06-10T09:42:49,USDJPY,0.0501508269554529,39.0,,,
2025-06-10T09:42:49,GBPUSD,0.0999089511665138,37.0,,,
2025-06-10T09:42:49,AUDUSD,-0.0231130428803272,39.0,,,
2025-06-10T09:42:49,USDCAD,0.009300248324871,40.0,,,
2025-06-10T09:42:49,XAUUSD,0.0903880815756948,38.0,,,
2025-06-10T09:42:49,CL,-0.0207580294873979,36.0,,,
2025-06-10T09:42:49,BTCUSD,0.1738436940388801,39.0,,,
2025-06-10T09:42:49,SPY,-0.0430694637876568,33.0,,,
2025-06-10T09:42:49,AAPL,0.0836030453443527,40.0,,,
2025-06-10T10:50:05,EURUSD,0.0250729069113731,40.0,,,
2025-06-10T10:50:05,USDJPY,0.0755067162024669,39.0,,,
2025-06-10T10:50:05,GBPUSD,0.0691740589264111,39.0,,,
2025-06-10T10:50:05,AUDUSD,-0.0237212808508622,38.0,,,
2025-06-10T10:50:05,USDCAD,0.009300248324871,40.0,,,
2025-06-10T10:50:05,XAUUSD,0.0903880815756948,38.0,,,
2025-06-10T10:50:05,CL,-0.047223603403246,37.0,,,
2025-06-10T10:50:05,BTCUSD,0.1378940769604274,42.0,,,
2025-06-10T10:50:05,SPY,0.0192827006181081,30.0,,,
2025-06-10T10:50:05,AAPL,0.1107916455519826,38.0,,,
2025-06-10T11:33:06,EURUSD,0.0876657053828239,40.0,,,
2025-06-10T11:33:06,USDJPY,0.0755067162024669,39.0,,,
2025-06-10T11:33:06,GBPUSD,0.0674447074532508,40.0,,,
2025-06-10T11:33:06,AUDUSD,-0.0237212808508622,38.0,,,
2025-06-10T11:33:06,USDCAD,0.009300248324871,40.0,,,
2025-06-10T11:33:06,XAUUSD,0.09759401679039,40.0,,,
2025-06-10T11:33:06,CL,0.0070183111561669,36.0,,,
2025-06-10T11:33:06,BTCUSD,0.2102114542110546,37.0,,,
2025-06-10T11:33:06,SPY,-0.0430694637876568,33.0,,,
2025-06-10T11:33:06,AAPL,0.0548525264388636,38.0,,,
2025-06-10T13:47:50,EURUSD,0.0738436877727508,40.0,,,
2025-06-10T13:47:50,USDJPY,0.122881837380238,39.0,,,
2025-06-10T13:47:50,GBPUSD,0.0471710248125924,36.0,,,
2025-06-10T13:47:50,AUDUSD,-0.0237212808508622,38.0,,,
2025-06-10T13:47:50,USDCAD,0.009300248324871,40.0,,,
2025-06-10T13:47:50,XAUUSD,0.1061714211025753,37.0,,,
2025-06-10T13:47:50,CL,0.0039851946963204,36.0,,,
2025-06-10T13:47:50,BTCUSD,0.2102114542110546,37.0,,,
2025-06-10T13:47:50,SPY,0.0192827006181081,30.0,,,
2025-06-10T13:47:50,AAPL,0.0303455308079719,40.0,,,
2025-06-10T14:47:15,EURUSD,0.0388941615819931,40.0,,,
2025-06-10T14:47:15,USDJPY,0.122881837380238,39.0,,,
2025-06-10T14:47:15,GBPUSD,0.0691740589264111,39.0,,,
2025-06-10T14:47:15,AUDUSD,-0.022535240650177,40.0,,,
2025-06-10T14:47:15,USDCAD,0.009300248324871,40.0,,,
2025-06-10T14:47:15,XAUUSD,0.0791419792819667,37.0,,,
2025-06-10T14:47:15,CL,0.0040990591049194,35.0,,,
2025-06-10T14:47:15,BTCUSD,0.2309953037061189,38.0,,,
2025-06-10T14:47:15,SPY,-0.0663423828176549,37.0,,,
2025-06-10T14:47:15,AAPL,0.0581652976964649,38.0,,,
2025-06-10T15:42:35,EURUSD,0.0379455234946274,41.0,,,
2025-06-10T15:42:35,USDJPY,0.122881837380238,39.0,,,
2025-06-10T15:42:35,GBPUSD,0.0691740589264111,39.0,,,
2025-06-10T15:42:35,AUDUSD,-0.0237212808508622,38.0,,,
2025-06-10T15:42:35,USDCAD,-0.0060085728764534,40.0,,,
2025-06-10T15:42:35,XAUUSD,0.0770592956166518,38.0,,,
2025-06-10T15:42:35,CL,0.0040990591049194,35.0,,,
2025-06-10T15:42:35,BTCUSD,0.2102116732983975,37.0,,,
2025-06-10T15:42:35,SPY,-0.0444153845310211,32.0,,,
2025-06-10T15:42:35,AAPL,0.1181306487474686,39.0,,,
2025-06-10T16:55:17,EURUSD,0.0476523812224225,41.0,,,
2025-06-10T16:55:17,USDJPY,0.0996471872696509,39.0,,,
2025-06-10T16:55:17,GBPUSD,0.0709944288981588,38.0,,,
2025-06-10T16:55:17,AUDUSD,-0.0231130428803272,39.0,,,
2025-06-10T16:55:17,USDCAD,0.03426164239645,40.0,,,
2025-06-10T16:55:17,XAUUSD,0.1262397041191925,37.0,,,
2025-06-10T16:55:17,CL,0.0299770919715656,34.0,,,
2025-06-10T16:55:17,BTCUSD,0.1997299668116447,39.0,,,
2025-06-10T16:55:17,SPY,-0.016038771831628,33.0,,,
2025-06-10T16:55:17,AAPL,0.0820916781299992,38.0,,,
2025-06-10T17:42:30,EURUSD,0.0750658184289932,40.0,,,
2025-06-10T17:42:30,USDJPY,0.0996471872696509,39.0,,,
2025-06-10T17:42:30,GBPUSD,0.0709944288981588,38.0,,,
2025-06-10T17:42:30,AUDUSD,-0.0231130428803272,39.0,,,
2025-06-10T17:42:30,USDCAD,-0.0060085728764534,40.0,,,
2025-06-10T17:42:30,XAUUSD,0.1219619026309565,38.0,,,
2025-06-10T17:42:30,CL,0.0179745732127009,37.0,,,
2025-06-10T17:42:30,BTCUSD,0.1562139037493113,37.0,,,
2025-06-10T17:42:30,SPY,-0.016038771831628,33.0,,,
2025-06-10T17:42:30,AAPL,0.0557956601444043,38.0,,,
2025-06-10T18:45:00,EURUSD,0.0244606282652878,41.0,,,
2025-06-10T18:45:00,USDJPY,0.0313826123873392,30.0,,,
2025-06-10T18:45:00,GBPUSD,0.0458961322500899,37.0,,,
2025-06-10T18:45:00,AUDUSD,-0.0231130428803272,39.0,,,
2025-06-10T18:45:00,USDCAD,0.03426164239645,40.0,,,
2025-06-10T18:45:00,XAUUSD,0.0768954222266738,37.0,,,
2025-06-10T18:45:00,CL,0.0299770919715656,34.0,,,
2025-06-10T18:45:00,BTCUSD,0.1882731715838114,36.0,,,
2025-06-10T18:45:00,SPY,0.0192827006181081,30.0,,,
2025-06-10T18:45:00,AAPL,0.081576910458113,38.0,,,
2025-06-10T18:56:46,EURUSD,0.02507214397192,40.0,,,
2025-06-10T18:56:46,USDJPY,0.0996471872696509,39.0,,,
2025-06-10T18:56:46,GBPUSD,0.0458961322500899,37.0,,,
2025-06-10T18:56:46,AUDUSD,-0.0231130428803272,39.0,,,
2025-06-10T18:56:46,USDCAD,-0.0060085728764534,40.0,,,
2025-06-10T18:56:46,XAUUSD,0.1658575057983398,40.0,,,
2025-06-10T18:56:46,CL,0.0179745732127009,37.0,,,
2025-06-10T18:56:46,BTCUSD,0.2102114542110546,37.0,,,
2025-06-10T18:56:46,SPY,-0.0131653845310211,32.0,,,
2025-06-10T18:56:46,AAPL,0.0787645171328288,41.0,,,
2025-06-10T19:30:06,EURUSD,0.0738373681902885,40.0,,,
2025-06-10T19:30:06,USDJPY,0.0996471872696509,39.0,,,
2025-06-10T19:30:06,GBPUSD,0.0458961322500899,37.0,,,
2025-06-10T19:30:06,AUDUSD,-0.0237213043790114,38.0,,,
2025-06-10T19:30:06,USDCAD,0.0189528211951255,40.0,,,
2025-06-10T19:30:06,XAUUSD,0.1482771650740975,38.0,,,
2025-06-10T19:30:06,CL,0.0039851946963204,36.0,,,
2025-06-10T19:30:06,BTCUSD,0.1971101328730583,40.0,,,
2025-06-10T19:30:06,SPY,-0.0444153845310211,32.0,,,
2025-06-10T19:30:06,AAPL,0.0543566437867971,39.0,,,
2025-06-10T20:08:09,EURUSD,0.0922463521361351,40.0,,,
2025-06-10T20:08:09,USDJPY,0.0996471872696509,39.0,,,
2025-06-10T20:08:09,GBPUSD,0.0458961322500899,37.0,,,
2025-06-10T20:08:09,AUDUSD,-0.0225352391600608,40.0,,,
2025-06-10T20:08:09,USDCAD,-0.0060085728764534,40.0,,,
2025-06-10T20:08:09,XAUUSD,0.1408638045191765,40.0,,,
2025-06-10T20:08:09,CL,0.0278891601213594,41.0,,,
2025-06-10T20:08:09,BTCUSD,0.1971101328730583,40.0,,,
2025-06-10T20:08:09,SPY,0.0192827006181081,30.0,,,
2025-06-10T20:08:09,AAPL,0.0567557151253158,37.0,,,
2025-06-10T20:42:29,EURUSD,0.0738373383879661,40.0,,,
2025-06-10T20:42:29,USDJPY,0.1252855811363611,39.0,,,
2025-06-10T20:42:29,GBPUSD,0.0458961322500899,37.0,,,
2025-06-10T20:42:29,AUDUSD,-0.0231130428803272,39.0,,,
2025-06-10T20:42:29,USDCAD,0.009300248324871,40.0,,,
2025-06-10T20:42:29,XAUUSD,0.1061687453373058,37.0,,,
2025-06-10T20:42:29,CL,-0.0088138172501011,38.0,,,
2025-06-10T20:42:29,BTCUSD,0.1882731715838114,36.0,,,
2025-06-10T20:42:29,SPY,0.0192827006181081,30.0,,,
2025-06-10T20:42:29,AAPL,0.106223818502928,38.0,,,
2025-06-10T21:36:30,EURUSD,0.050065791606903,40.0,,,
2025-06-10T21:36:30,USDJPY,0.0996471872696509,39.0,,,
2025-06-10T21:36:30,GBPUSD,0.0446883392961401,38.0,,,
2025-06-10T21:36:30,AUDUSD,-0.0243623965495341,37.0,,,
2025-06-10T21:36:30,USDCAD,0.009300248324871,40.0,,,
2025-06-10T21:36:30,XAUUSD,0.0770592956166518,38.0,,,
2025-06-10T21:36:30,CL,0.0179745732127009,37.0,,,
2025-06-10T21:36:30,BTCUSD,0.2102115476453626,37.0,,,
2025-06-10T21:36:30,SPY,0.0192827006181081,30.0,,,
2025-06-10T21:36:30,AAPL,0.081576910458113,38.0,,,
2025-06-10T22:43:38,EURUSD,0.0720364276955767,41.0,,,
2025-06-10T22:43:38,USDJPY,0.0996471872696509,39.0,,,
2025-06-10T22:43:38,GBPUSD,0.0446883392961401,38.0,,,
2025-06-10T22:43:38,AUDUSD,-0.022535216808319,40.0,,,
2025-06-10T22:43:38,USDCAD,0.009300248324871,40.0,,,
2025-06-10T22:43:38,XAUUSD,0.0768954222266738,37.0,,,
2025-06-10T22:43:38,CL,0.0039851946963204,36.0,,,
2025-06-10T22:43:38,BTCUSD,0.1947367683053016,40.0,,,
2025-06-10T22:43:38,SPY,-0.0444153845310211,32.0,,,
2025-06-10T22:43:38,AAPL,0.0552611837261601,38.0,,,
2025-06-10T23:35:11,EURUSD,0.0500658214092254,40.0,,,
2025-06-10T23:35:11,USDJPY,0.0996471872696509,39.0,,,
2025-06-10T23:35:11,GBPUSD,0.0446883392961401,38.0,,,
2025-06-10T23:35:11,AUDUSD,-0.0231130428803272,39.0,,,
2025-06-10T23:35:11,USDCAD,0.009300248324871,40.0,,,
2025-06-10T23:35:11,XAUUSD,0.0791419792819667,37.0,,,
2025-06-10T23:35:11,CL,0.0039851946963204,36.0,,,
2025-06-10T23:35:11,BTCUSD,0.1265608950665122,38.0,,,
2025-06-10T23:35:11,SPY,0.0192827006181081,30.0,,,
2025-06-10T23:35:11,AAPL,0.060710891296989,38.0,,,
2025-06-11T03:41:09,EURUSD,0.0738373681902885,40.0,,,
2025-06-11T03:41:09,USDJPY,0.1252855811363611,39.0,,,
2025-06-11T03:41:09,GBPUSD,0.0458961322500899,37.0,,,
2025-06-11T03:41:09,AUDUSD,-0.0231130428803272,39.0,,,
2025-06-11T03:41:09,USDCAD,0.009300248324871,40.0,,,
2025-06-11T03:41:09,XAUUSD,0.1061687453373058,37.0,,,
2025-06-11T03:41:09,CL,-0.0090520285271309,37.0,,,
2025-06-11T03:41:09,BTCUSD,0.2372384200225005,37.0,,,
2025-06-11T03:41:09,SPY,-0.0663423828176549,37.0,,,
2025-06-11T03:41:09,AAPL,0.1082847744990617,39.0,,,
2025-06-11T04:55:45,EURUSD,-0.0455000504851341,40.0,,,
2025-06-11T04:55:45,USDJPY,0.122881837380238,39.0,,,
2025-06-11T04:55:45,GBPUSD,0.0458961322500899,37.0,,,
2025-06-11T04:55:45,AUDUSD,-0.0231130428803272,39.0,,,
2025-06-11T04:55:45,USDCAD,0.009300248324871,40.0,,,
2025-06-11T04:55:45,XAUUSD,0.1765259645487132,38.0,,,
2025-06-11T04:55:45,CL,0.0450002019469802,37.0,,,
2025-06-11T04:55:45,BTCUSD,0.2372384200225005,37.0,,,
2025-06-11T04:55:45,SPY,0.0192827006181081,30.0,,,
2025-06-11T04:55:45,AAPL,0.0828176140785217,40.0,,,
2025-06-11T05:45:54,EURUSD,-0.0455000504851341,40.0,,,
2025-06-11T05:45:54,USDJPY,0.0996471872696509,39.0,,,
2025-06-11T05:45:54,GBPUSD,0.0458961322500899,37.0,,,
2025-06-11T05:45:54,AUDUSD,-0.0237212808508622,38.0,,,
2025-06-11T05:45:54,USDCAD,0.009300248324871,40.0,,,
2025-06-11T05:45:54,XAUUSD,0.1482774380006288,38.0,,,
2025-06-11T05:45:54,CL,0.0326690094811575,35.0,,,
2025-06-11T05:45:54,BTCUSD,0.2160508864455753,36.0,,,
2025-06-11T05:45:54,SPY,-0.0430694637876568,33.0,,,
2025-06-11T05:45:54,AAPL,0.0828176140785217,40.0,,,
2025-06-11T06:57:08,EURUSD,-0.021728503704071,40.0,,,
2025-06-11T06:57:08,USDJPY,0.0771136817179228,38.0,,,
2025-06-11T06:57:08,GBPUSD,0.0661004331053757,41.0,,,
2025-06-11T06:57:08,AUDUSD,-0.0237212808508622,38.0,,,
2025-06-11T06:57:08,USDCAD,0.03426164239645,40.0,,,
2025-06-11T06:57:08,XAUUSD,0.1701164749952463,39.0,,,
2025-06-11T06:57:08,CL,0.0175006107280128,38.0,,,
2025-06-11T06:57:08,BTCUSD,0.25731108690563,38.0,,,
2025-06-11T06:57:08,SPY,-0.0430694637876568,33.0,,,
2025-06-11T06:57:08,AAPL,0.0359296947717666,40.0,,,
2025-06-11T07:36:18,EURUSD,0.0924383474559318,41.0,,,
2025-06-11T07:36:18,USDJPY,0.122881837380238,39.0,,,
2025-06-11T07:36:18,GBPUSD,0.0458961322500899,37.0,,,
2025-06-11T07:36:18,AUDUSD,-0.0243623965495341,37.0,,,
2025-06-11T07:36:18,USDCAD,-0.0060085728764534,40.0,,,
2025-06-11T07:36:18,XAUUSD,0.150529848901849,38.0,,,
2025-06-11T07:36:18,CL,0.0179745732127009,37.0,,,
2025-06-11T07:36:18,BTCUSD,0.2102114542110546,37.0,,,
2025-06-11T07:36:18,SPY,0.0192827006181081,30.0,,,
2025-06-11T07:36:18,AAPL,0.0353450050225129,37.0,,,
2025-06-11T08:56:37,EURUSD,-0.021728503704071,40.0,,,
2025-06-11T08:56:37,USDJPY,0.122881837380238,39.0,,,
2025-06-11T08:56:37,GBPUSD,0.0999089511665138,37.0,,,
2025-06-11T08:56:37,AUDUSD,-0.0243623965495341,37.0,,,
2025-06-11T08:56:37,USDCAD,-0.0060085728764534,40.0,,,
2025-06-11T08:56:37,XAUUSD,0.1744253258956106,38.0,,,
2025-06-11T08:56:37,CL,0.0039851946963204,36.0,,,
2025-06-11T08:56:37,BTCUSD,0.2444423645734787,40.0,,,
2025-06-11T08:56:37,SPY,0.0186606780175239,31.0,,,
2025-06-11T08:56:37,AAPL,0.0879948362708091,40.0,,,
2025-06-11T09:43:33,EURUSD,-0.021728503704071,40.0,,,
2025-06-11T09:43:33,USDJPY,0.122881837380238,39.0,,,
2025-06-11T09:43:33,GBPUSD,0.0471710248125924,36.0,,,
2025-06-11T09:43:33,AUDUSD,-0.0237212808508622,38.0,,,
2025-06-11T09:43:33,USDCAD,-0.0060085728764534,40.0,,,
2025-06-11T09:43:33,XAUUSD,0.0984294964716984,39.0,,,
2025-06-11T09:43:33,CL,0.0406109210921496,41.0,,,
2025-06-11T09:43:33,BTCUSD,0.2160473664601644,36.0,,,
2025-06-11T09:43:33,SPY,-0.0672580964035458,36.0,,,
2025-06-11T09:43:33,AAPL,0.0837920614191003,37.0,,,
2025-06-11T10:49:50,EURUSD,-0.021728503704071,40.0,,,
2025-06-11T10:49:50,USDJPY,0.122881837380238,39.0,,,
2025-06-11T10:49:50,GBPUSD,0.0446883392961401,38.0,,,
2025-06-11T10:49:50,AUDUSD,-0.0243623965495341,37.0,,,
2025-06-11T10:49:50,USDCAD,0.03426164239645,40.0,,,
2025-06-11T10:49:50,XAUUSD,0.1297088924207185,38.0,,,
2025-06-11T10:49:50,CL,0.0039851946963204,36.0,,,
2025-06-11T10:49:50,BTCUSD,0.1784154066914006,38.0,,,
2025-06-11T10:49:50,SPY,-0.0430694637876568,33.0,,,
2025-06-11T10:49:50,AAPL,0.0879948362708091,40.0,,,
2025-06-11T11:33:16,EURUSD,0.0281858444213867,40.0,,,
2025-06-11T11:33:16,USDJPY,0.122881837380238,39.0,,,
2025-06-11T11:33:16,GBPUSD,0.0458961322500899,37.0,,,
2025-06-11T11:33:16,AUDUSD,-0.0225352391600608,40.0,,,
2025-06-11T11:33:16,USDCAD,-0.0060085728764534,40.0,,,
2025-06-11T11:33:16,XAUUSD,0.1295227188813059,38.0,,,
2025-06-11T11:33:16,CL,0.0179745732127009,37.0,,,
2025-06-11T11:33:16,BTCUSD,0.2573077521826091,38.0,,,
2025-06-11T11:33:16,SPY,-0.0430694637876568,33.0,,,
2025-06-11T11:33:16,AAPL,0.1057431623339653,40.0,,,
2025-06-11T13:47:47,EURUSD,0.0974218162094674,41.0,,,
2025-06-11T13:47:47,USDJPY,0.0996471872696509,39.0,,,
2025-06-11T13:47:47,GBPUSD,0.0694901989056513,39.0,,,
2025-06-11T13:47:47,AUDUSD,-0.0225352391600608,40.0,,,
2025-06-11T13:47:47,USDCAD,-0.0060085728764534,40.0,,,
2025-06-11T13:47:47,XAUUSD,0.1490654945373535,38.0,,,
2025-06-11T13:47:47,CL,0.0039851946963204,36.0,,,
2025-06-11T13:47:47,BTCUSD,0.2309953570365905,38.0,,,
2025-06-11T13:47:47,SPY,0.0192827006181081,30.0,,,
2025-06-11T13:47:47,AAPL,0.0888464402508091,37.0,,,
2025-06-11T14:46:40,EURUSD,-4.9868226051330565e-05,40.0,,,
2025-06-11T14:46:40,USDJPY,0.122881837380238,39.0,,,
2025-06-11T14:46:40,GBPUSD,0.0661004331053757,41.0,,,
2025-06-11T14:46:40,AUDUSD,-0.0237212808508622,38.0,,,
2025-06-11T14:46:40,USDCAD,0.0189528211951255,40.0,,,
2025-06-11T14:46:40,XAUUSD,0.095655438376636,41.0,,,
2025-06-11T14:46:40,CL,0.0040990591049194,35.0,,,
2025-06-11T14:46:40,BTCUSD,0.1783640572899266,38.0,,,
2025-06-11T14:46:40,SPY,0.0192827006181081,30.0,,,
2025-06-11T14:46:40,AAPL,0.0619743023163233,39.0,,,
2025-06-11T15:43:35,EURUSD,0.0248644828796386,40.0,,,
2025-06-11T15:43:35,USDJPY,0.0996471872696509,39.0,,,
2025-06-11T15:43:35,GBPUSD,0.0263315637906392,39.0,,,
2025-06-11T15:43:35,AUDUSD,-0.0237212808508622,38.0,,,
2025-06-11T15:43:35,USDCAD,0.0094081044197082,40.0,,,
2025-06-11T15:43:35,XAUUSD,0.0980468243360519,40.0,,,
2025-06-11T15:43:35,CL,0.0072188360350472,35.0,,,
2025-06-11T15:43:35,BTCUSD,0.2046764524359452,38.0,,,
2025-06-11T15:43:35,SPY,-0.016038771831628,33.0,,,
2025-06-11T15:43:35,AAPL,0.0865150674393302,38.0,,,
2025-06-11T16:55:47,EURUSD,0.0974218162094674,41.0,,,
2025-06-11T16:55:47,USDJPY,0.0996471872696509,39.0,,,
2025-06-11T16:55:47,GBPUSD,0.0446883392961401,38.0,,,
2025-06-11T16:55:47,AUDUSD,-0.0231130428803272,39.0,,,
2025-06-11T16:55:47,USDCAD,0.0343694984912872,40.0,,,
2025-06-11T16:55:47,XAUUSD,0.0767484001624278,39.0,,,
2025-06-11T16:55:47,CL,-0.0207580294873979,36.0,,,
2025-06-11T16:55:47,BTCUSD,0.185510047844478,42.0,,,
2025-06-11T16:55:47,SPY,0.0192827006181081,30.0,,,
2025-06-11T16:55:47,AAPL,0.1158645910185736,37.0,,,
2025-06-11T17:41:58,EURUSD,0.0974218162094674,41.0,,,
2025-06-11T17:41:58,USDJPY,0.0996471872696509,39.0,,,
2025-06-11T17:41:58,GBPUSD,0.0446883392961401,38.0,,,
2025-06-11T17:41:58,AUDUSD,-0.0225352391600608,40.0,,,
2025-06-11T17:41:58,USDCAD,0.0343694984912872,40.0,,,
2025-06-11T17:41:58,XAUUSD,0.1768929668374963,37.0,,,
2025-06-11T17:41:58,CL,-0.0331265169221001,37.0,,,
2025-06-11T17:41:58,BTCUSD,0.1784154066914006,38.0,,,
2025-06-11T17:41:58,SPY,-0.0663423828176549,37.0,,,
2025-06-11T17:41:58,AAPL,0.0842865576615204,37.0,,,
2025-06-11T18:56:25,EURUSD,-4.9868226051330565e-05,40.0,,,
2025-06-11T18:56:25,USDJPY,0.0996471872696509,39.0,,,
2025-06-11T18:56:25,GBPUSD,0.0446883392961401,38.0,,,
2025-06-11T18:56:25,AUDUSD,-0.0231130428803272,39.0,,,
2025-06-11T18:56:25,USDCAD,0.0343694984912872,40.0,,,
2025-06-11T18:56:25,XAUUSD,0.1768929668374963,37.0,,,
2025-06-11T18:56:25,CL,-0.0322547664767817,38.0,,,
2025-06-11T18:56:25,BTCUSD,0.230991968983098,38.0,,,
2025-06-11T18:56:25,SPY,0.0192827006181081,30.0,,,
2025-06-11T18:56:25,AAPL,0.0368432020529722,39.0,,,
2025-06-11T19:30:43,EURUSD,0.0237216785550117,40.0,,,
2025-06-11T19:30:43,USDJPY,0.074291298022637,39.0,,,
2025-06-11T19:30:43,GBPUSD,0.0446883392961401,38.0,,,
2025-06-11T19:30:43,AUDUSD,-0.0051517094436444,38.0,,,
2025-06-11T19:30:43,USDCAD,0.0343694984912872,40.0,,,
2025-06-11T19:30:43,XAUUSD,0.1768929668374963,37.0,,,
2025-06-11T19:30:43,CL,-0.0062693572706646,36.0,,,
2025-06-11T19:30:43,BTCUSD,0.230991968983098,38.0,,,
2025-06-11T19:30:43,SPY,-0.0663423828176549,37.0,,,
2025-06-11T19:30:43,AAPL,0.0353368182440061,37.0,,,
2025-06-11T20:42:12,EURUSD,-0.0255168211169359,41.0,,,
2025-06-11T20:42:12,USDJPY,0.0996471872696509,39.0,,,
2025-06-11T20:42:12,GBPUSD,0.0446883392961401,38.0,,,
2025-06-11T20:42:12,AUDUSD,-0.0051517094436444,38.0,,,
2025-06-11T20:42:12,USDCAD,0.0343694984912872,40.0,,,
2025-06-11T20:42:12,XAUUSD,0.1012642834637616,37.0,,,
2025-06-11T20:42:12,CL,-0.0088138172501011,38.0,,,
2025-06-11T20:42:12,BTCUSD,0.2694421112537384,40.0,,,
2025-06-11T20:42:12,SPY,-0.0663423828176549,37.0,,,
2025-06-11T20:42:12,AAPL,0.0888375672134193,37.0,,,
2025-06-11T21:35:53,EURUSD,0.0237216785550117,40.0,,,
2025-06-11T21:35:53,USDJPY,0.0757042811467097,39.0,,,
2025-06-11T21:35:53,GBPUSD,0.0446883392961401,38.0,,,
2025-06-11T21:35:53,AUDUSD,-0.0052909448340132,37.0,,,
2025-06-11T21:35:53,USDCAD,0.0343694984912872,40.0,,,
2025-06-11T21:35:53,XAUUSD,0.1185735821723938,40.0,,,
2025-06-11T21:35:53,CL,0.0039851946963204,36.0,,,
2025-06-11T21:35:53,BTCUSD,0.2309921132890801,38.0,,,
2025-06-11T21:35:53,SPY,0.0192827006181081,30.0,,,
2025-06-11T21:35:53,AAPL,0.0609221190214157,40.0,,,
2025-06-11T22:44:01,EURUSD,-0.0734032130822902,41.0,,,
2025-06-11T22:44:01,USDJPY,0.0996471872696509,39.0,,,
2025-06-11T22:44:01,GBPUSD,0.0458961322500899,37.0,,,
2025-06-11T22:44:01,AUDUSD,-0.0237212808508622,38.0,,,
2025-06-11T22:44:01,USDCAD,0.0343694984912872,40.0,,,
2025-06-11T22:44:01,XAUUSD,0.0538699353063428,37.0,,,
2025-06-11T22:44:01,CL,-0.0059403384986676,38.0,,,
2025-06-11T22:44:01,BTCUSD,0.2763508833371676,39.0,,,
2025-06-11T22:44:01,SPY,0.0192827006181081,30.0,,,
2025-06-11T22:44:01,AAPL,0.0338921343025408,38.0,,,
2025-06-11T23:36:38,EURUSD,-0.02350868248358,41.0,,,
2025-06-11T23:36:38,USDJPY,0.0757042811467097,39.0,,,
2025-06-11T23:36:38,GBPUSD,0.0471710248125924,36.0,,,
2025-06-11T23:36:38,AUDUSD,-0.0243623965495341,37.0,,,
2025-06-11T23:36:38,USDCAD,0.0343694984912872,40.0,,,
2025-06-11T23:36:38,XAUUSD,0.1472547084857256,39.0,,,
2025-06-11T23:36:38,CL,0.0179745732127009,37.0,,,
2025-06-11T23:36:38,BTCUSD,0.2410795819468614,41.0,,,
2025-06-11T23:36:38,SPY,-0.0444153845310211,32.0,,,
2025-06-11T23:36:38,AAPL,0.0807448372244834,40.0,,,
2025-06-12T03:40:41,EURUSD,-0.0480178245683995,41.0,,,
2025-06-12T03:40:41,USDJPY,0.0996471872696509,39.0,,,
2025-06-12T03:40:41,GBPUSD,0.0471710248125924,36.0,,,
2025-06-12T03:40:41,AUDUSD,-0.0231130428803272,39.0,,,
2025-06-12T03:40:41,USDCAD,0.0343694984912872,40.0,,,
2025-06-12T03:40:41,XAUUSD,0.1282913104907886,37.0,,,
2025-06-12T03:40:41,CL,0.020925713552011,37.0,,,
2025-06-12T03:40:41,BTCUSD,0.230991968983098,38.0,,,
2025-06-12T03:40:41,SPY,0.0192827006181081,30.0,,,
2025-06-12T03:40:41,AAPL,0.0328176259994506,40.0,,,
2025-06-12T04:53:03,EURUSD,-0.0491334199905395,40.0,,,
2025-06-12T04:53:03,USDJPY,0.125222915258163,39.0,,,
2025-06-12T04:53:03,GBPUSD,0.0471710248125924,36.0,,,
2025-06-12T04:53:03,AUDUSD,-0.0243623965495341,37.0,,,
2025-06-12T04:53:03,USDCAD,0.0307626515626907,40.0,,,
2025-06-12T04:53:03,XAUUSD,0.0787680949035443,38.0,,,
2025-06-12T04:53:03,CL,0.0175015581281561,38.0,,,
2025-06-12T04:53:03,BTCUSD,0.2197332963347435,40.0,,,
2025-06-12T04:53:03,SPY,0.0192827006181081,30.0,,,
2025-06-12T04:53:03,AAPL,0.031533230573703,39.0,,,
2025-06-12T05:44:05,EURUSD,-0.0235633937323965,41.0,,,
2025-06-12T05:44:05,USDJPY,0.125222915258163,39.0,,,
2025-06-12T05:44:05,GBPUSD,0.0471710248125924,36.0,,,
2025-06-12T05:44:05,AUDUSD,-0.0237212808508622,38.0,,,
2025-06-12T05:44:05,USDCAD,0.0343694984912872,40.0,,,
2025-06-12T05:44:05,XAUUSD,0.128552990990716,37.0,,,
2025-06-12T05:44:05,CL,0.0209267671043808,37.0,,,
2025-06-12T05:44:05,BTCUSD,0.2046795738370795,38.0,,,
2025-06-12T05:44:05,SPY,0.0192827006181081,30.0,,,
2025-06-12T05:44:05,AAPL,0.031533230573703,39.0,,,
2025-06-12T06:57:09,EURUSD,-0.0235633937323965,41.0,,,
2025-06-12T06:57:09,USDJPY,0.125222915258163,39.0,,,
2025-06-12T06:57:09,GBPUSD,0.0446883392961401,38.0,,,
2025-06-12T06:57:09,AUDUSD,-0.0237212808508622,38.0,,,
2025-06-12T06:57:09,USDCAD,-0.0107433468103408,40.0,,,
2025-06-12T06:57:09,XAUUSD,0.1189115166664123,40.0,,,
2025-06-12T06:57:09,CL,0.0422447366373879,42.0,,,
2025-06-12T06:57:09,BTCUSD,0.230991968983098,38.0,,,
2025-06-12T06:57:09,SPY,-0.0126359711090723,36.0,,,
2025-06-12T06:57:09,AAPL,0.0888375672134193,37.0,,,
2025-06-12T07:36:22,EURUSD,-0.0478338511978707,41.0,,,
2025-06-12T07:36:22,USDJPY,0.1012800091352218,39.0,,,
2025-06-12T07:36:22,GBPUSD,0.0471710248125924,36.0,,,
2025-06-12T07:36:22,AUDUSD,-0.0237212808508622,38.0,,,
2025-06-12T07:36:22,USDCAD,0.009300248324871,40.0,,,
2025-06-12T07:36:22,XAUUSD,0.1251700175435919,38.0,,,
2025-06-12T07:36:22,CL,0.0070183111561669,36.0,,,
2025-06-12T07:36:22,BTCUSD,0.1783639349435505,38.0,,,
2025-06-12T07:36:22,SPY,-0.0135973634258393,31.0,,,
2025-06-12T07:36:22,AAPL,0.0864997364972767,38.0,,,
2025-06-12T08:55:45,EURUSD,-0.001628973135134,41.0,,,
2025-06-12T08:55:45,USDJPY,0.125222915258163,39.0,,,
2025-06-12T08:55:45,GBPUSD,0.0471710248125924,36.0,,,
2025-06-12T08:55:45,AUDUSD,-0.0237212808508622,38.0,,,
2025-06-12T08:55:45,USDCAD,0.0141101911664009,40.0,,,
2025-06-12T08:55:45,XAUUSD,0.1056272418875443,38.0,,,
2025-06-12T08:55:45,CL,0.0175015581281561,38.0,,,
2025-06-12T08:55:45,BTCUSD,0.2309950966584055,38.0,,,
2025-06-12T08:55:45,SPY,-0.0135973634258393,31.0,,,
2025-06-12T08:55:45,AAPL,0.0609221190214157,40.0,,,
2025-06-12T09:42:43,EURUSD,-0.0235271671923195,41.0,,,
2025-06-12T09:42:43,USDJPY,0.125222915258163,39.0,,,
2025-06-12T09:42:43,GBPUSD,0.0471710248125924,36.0,,,
2025-06-12T09:42:43,AUDUSD,-0.0231130428803272,39.0,,,
2025-06-12T09:42:43,USDCAD,0.0189528211951255,40.0,,,
2025-06-12T09:42:43,XAUUSD,0.1029188510699149,39.0,,,
2025-06-12T09:42:43,CL,0.0175015581281561,38.0,,,
2025-06-12T09:42:43,BTCUSD,0.2250689879441872,39.0,,,
2025-06-12T09:42:43,SPY,0.0192827006181081,30.0,,,
2025-06-12T09:42:43,AAPL,0.0307448998093605,40.0,,,
2025-06-12T10:50:53,EURUSD,-0.001628973135134,41.0,,,
2025-06-12T10:50:53,USDJPY,0.1012800137201945,39.0,,,
2025-06-12T10:50:53,GBPUSD,0.0691740589264111,39.0,,,
2025-06-12T10:50:53,AUDUSD,-0.0231130428803272,39.0,,,
2025-06-12T10:50:53,USDCAD,0.0189528211951255,40.0,,,
2025-06-12T10:50:53,XAUUSD,0.0980468243360519,40.0,,,
2025-06-12T10:50:53,CL,0.0175015581281561,38.0,,,
2025-06-12T10:50:53,BTCUSD,0.2046763300895691,38.0,,,
2025-06-12T10:50:53,SPY,0.0192827006181081,30.0,,,
2025-06-12T10:50:53,AAPL,0.0876080898138193,39.0,,,
2025-06-12T11:32:53,EURUSD,0.0227612707673049,41.0,,,
2025-06-12T11:32:53,USDJPY,0.1012800060785733,39.0,,,
2025-06-12T11:32:53,GBPUSD,0.0458961322500899,37.0,,,
2025-06-12T11:32:53,AUDUSD,-0.0231130428803272,39.0,,,
2025-06-12T11:32:53,USDCAD,0.0189528211951255,40.0,,,
2025-06-12T11:32:53,XAUUSD,0.0980468243360519,40.0,,,
2025-06-12T11:32:53,CL,0.020925713552011,37.0,,,
2025-06-12T11:32:53,BTCUSD,0.1994314682789338,39.0,,,
2025-06-12T11:32:53,SPY,0.0192827006181081,30.0,,,
2025-06-12T11:32:53,AAPL,0.062491251528263,40.0,,,
2025-06-12T13:47:48,EURUSD,-0.0259998440742492,41.0,,,
2025-06-12T13:47:48,USDJPY,0.1012800091352218,39.0,,,
2025-06-12T13:47:48,GBPUSD,0.0709944288981588,38.0,,,
2025-06-12T13:47:48,AUDUSD,-0.0231130428803272,39.0,,,
2025-06-12T13:47:48,USDCAD,0.0343694984912872,40.0,,,
2025-06-12T13:47:48,XAUUSD,0.0789695398227588,37.0,,,
2025-06-12T13:47:48,CL,0.0039851946963204,36.0,,,
2025-06-12T13:47:48,BTCUSD,0.2372384200225005,37.0,,,
2025-06-12T13:47:48,SPY,-0.0135973634258393,31.0,,,
2025-06-12T13:47:48,AAPL,0.0888264984697908,37.0,,,
2025-06-12T14:48:33,EURUSD,-0.0259998440742492,41.0,,,
2025-06-12T14:48:33,USDJPY,0.1012800091352218,39.0,,,
2025-06-12T14:48:33,GBPUSD,0.0471710248125924,36.0,,,
2025-06-12T14:48:33,AUDUSD,-0.022535216808319,40.0,,,
2025-06-12T14:48:33,USDCAD,0.0343694984912872,40.0,,,
2025-06-12T14:48:33,XAUUSD,0.0789695398227588,37.0,,,
2025-06-12T14:48:33,CL,0.020925713552011,37.0,,,
2025-06-12T14:48:33,BTCUSD,0.2694452792406082,40.0,,,
2025-06-12T14:48:33,SPY,-0.0135973634258393,31.0,,,
2025-06-12T14:48:33,AAPL,0.0307448998093605,40.0,,,
2025-06-12T15:44:43,EURUSD,0.0227558816351541,41.0,,,
2025-06-12T15:44:43,USDJPY,0.1012800121918702,39.0,,,
2025-06-12T15:44:43,GBPUSD,0.0471710248125924,36.0,,,
2025-06-12T15:44:43,AUDUSD,-0.0231130428803272,39.0,,,
2025-06-12T15:44:43,USDCAD,-0.0275379344820976,40.0,,,
2025-06-12T15:44:43,XAUUSD,0.0749198198318481,39.0,,,
2025-06-12T15:44:43,CL,0.0179745732127009,37.0,,,
2025-06-12T15:44:43,BTCUSD,0.2194453418254852,40.0,,,
2025-06-12T15:44:43,SPY,0.0192827006181081,30.0,,,
2025-06-12T15:44:43,AAPL,-0.0220634470114836,37.0,,,
2025-06-12T16:55:33,EURUSD,0.0651053451910251,41.0,,,
2025-06-12T16:55:33,USDJPY,0.1012800060785733,39.0,,,
2025-06-12T16:55:33,GBPUSD,0.0458961322500899,37.0,,,
2025-06-12T16:55:33,AUDUSD,-0.0237212808508622,38.0,,,
2025-06-12T16:55:33,USDCAD,0.0175749108195304,40.0,,,
2025-06-12T16:55:33,XAUUSD,0.0763568511376014,39.0,,,
2025-06-12T16:55:33,CL,0.0179745732127009,37.0,,,
2025-06-12T16:55:33,BTCUSD,0.2250723472008338,39.0,,,
2025-06-12T16:55:33,SPY,0.0192827006181081,30.0,,,
2025-06-12T16:55:33,AAPL,0.0585311431633798,38.0,,,
2025-06-12T17:42:35,EURUSD,0.0227612707673049,41.0,,,
2025-06-12T17:42:35,USDJPY,0.0825002331000108,39.0,,,
2025-06-12T17:42:35,GBPUSD,0.0458961322500899,37.0,,,
2025-06-12T17:42:35,AUDUSD,-0.0237212808508622,38.0,,,
2025-06-12T17:42:35,USDCAD,-0.0275379344820976,40.0,,,
2025-06-12T17:42:35,XAUUSD,0.1033372959575137,37.0,,,
2025-06-12T17:42:35,CL,0.020925713552011,37.0,,,
2025-06-12T17:42:35,BTCUSD,0.2372384200225005,37.0,,,
2025-06-12T17:42:35,SPY,0.0192827006181081,30.0,,,
2025-06-12T17:42:35,AAPL,0.0374929144978523,40.0,,,
2025-06-12T18:55:35,EURUSD,-0.0259998440742492,41.0,,,
2025-06-12T18:55:35,USDJPY,0.0611486954566759,39.0,,,
2025-06-12T18:55:35,GBPUSD,0.0458961322500899,37.0,,,
2025-06-12T18:55:35,AUDUSD,-0.0237212808508622,38.0,,,
2025-06-12T18:55:35,USDCAD,0.0021582335233688,40.0,,,
2025-06-12T18:55:35,XAUUSD,0.0763568511376014,39.0,,,
2025-06-12T18:55:35,CL,0.0179745732127009,37.0,,,
2025-06-12T18:55:35,BTCUSD,0.2092699365956442,42.0,,,
2025-06-12T18:55:35,SPY,0.0192827006181081,30.0,,,
2025-06-12T18:55:35,AAPL,0.0374922916293144,40.0,,,
2025-06-12T19:30:01,EURUSD,-0.0259998440742492,41.0,,,
2025-06-12T19:30:01,USDJPY,0.0611486954566759,39.0,,,
2025-06-12T19:30:01,GBPUSD,0.0471710248125924,36.0,,,
2025-06-12T19:30:01,AUDUSD,-0.0237212808508622,38.0,,,
2025-06-12T19:30:01,USDCAD,0.0079223379492759,40.0,,,
2025-06-12T19:30:01,XAUUSD,0.1154026360046572,41.0,,,
2025-06-12T19:30:01,CL,0.0039851946963204,36.0,,,
2025-06-12T19:30:01,BTCUSD,0.2372384200225005,37.0,,,
2025-06-12T19:30:01,SPY,0.0192827006181081,30.0,,,
2025-06-12T19:30:01,AAPL,0.0874830409884452,40.0,,,
2025-06-12T20:42:42,EURUSD,0.0227558816351541,41.0,,,
2025-06-12T20:42:42,USDJPY,0.1135676768090989,9.0,,,
2025-06-12T20:42:42,GBPUSD,0.0485187683786664,35.0,,,
2025-06-12T20:42:42,AUDUSD,-0.0237212808508622,38.0,,,
2025-06-12T20:42:42,USDCAD,-0.0025765404105186,40.0,,,
2025-06-12T20:42:42,XAUUSD,0.1278785966538094,37.0,,,
2025-06-12T20:42:42,CL,0.0184738669130537,36.0,,,
2025-06-12T20:42:42,BTCUSD,0.2507124130542462,39.0,,,
2025-06-12T20:42:42,SPY,-0.0135973634258393,31.0,,,
2025-06-12T20:42:42,AAPL,0.0360597121088128,38.0,,,
2025-06-12T21:33:41,EURUSD,0.048323979973793,40.0,,,
2025-06-12T21:33:41,USDJPY,0.0611486985133244,39.0,,,
2025-06-12T21:33:41,GBPUSD,0.0485187683786664,35.0,,,
2025-06-12T21:33:41,AUDUSD,-0.0219855773739698,41.0,,,
2025-06-12T21:33:41,USDCAD,-0.0275379344820976,40.0,,,
2025-06-12T21:33:41,XAUUSD,0.0804842484963906,37.0,,,
2025-06-12T21:33:41,CL,0.0039851946963204,36.0,,,
2025-06-12T21:33:41,BTCUSD,0.2447364583611488,40.0,,,
2025-06-12T21:33:41,SPY,-0.0135973634258393,31.0,,,
2025-06-12T21:33:41,AAPL,0.060104260573516,37.0,,,
2025-06-12T22:43:31,EURUSD,0.048323979973793,40.0,,,
2025-06-12T22:43:31,USDJPY,0.0611486985133244,39.0,,,
2025-06-12T22:43:31,GBPUSD,0.0471710248125924,36.0,,,
2025-06-12T22:43:31,AUDUSD,0.0201058402657508,40.0,,,
2025-06-12T22:43:31,USDCAD,0.0127322807908058,40.0,,,
2025-06-12T22:43:31,XAUUSD,0.098037947446872,39.0,,,
2025-06-12T22:43:31,CL,0.0039851946963204,36.0,,,
2025-06-12T22:43:31,BTCUSD,0.2372384200225005,37.0,,,
2025-06-12T22:43:31,SPY,-0.0135973634258393,31.0,,,
2025-06-12T22:43:31,AAPL,0.060104260573516,37.0,,,
2025-06-12T23:35:11,EURUSD,0.048323979973793,40.0,,,
2025-06-12T23:35:11,USDJPY,0.0611486985133244,39.0,,,
2025-06-12T23:35:11,GBPUSD,0.0749385638369454,36.0,,,
2025-06-12T23:35:11,AUDUSD,-0.0237212808508622,38.0,,,
2025-06-12T23:35:11,USDCAD,-0.0025765404105186,40.0,,,
2025-06-12T23:35:11,XAUUSD,0.0763568511376014,39.0,,,
2025-06-12T23:35:11,CL,0.0039851946963204,36.0,,,
2025-06-12T23:35:11,BTCUSD,0.2372384200225005,37.0,,,
2025-06-12T23:35:11,SPY,0.0192827006181081,30.0,,,
2025-06-12T23:35:11,AAPL,0.0582825064659118,40.0,,,
2025-06-13T03:40:50,EURUSD,0.048323979973793,40.0,,,
2025-06-13T03:40:50,USDJPY,0.0611486985133244,39.0,,,
2025-06-13T03:40:50,GBPUSD,0.1269260161631816,37.0,,,
2025-06-13T03:40:50,AUDUSD,-0.0098758614980257,39.0,,,
2025-06-13T03:40:50,USDCAD,0.0175749108195304,40.0,,,
2025-06-13T03:40:50,XAUUSD,0.101997876778627,39.0,,,
2025-06-13T03:40:50,CL,0.0039851946963204,36.0,,,
2025-06-13T03:40:50,BTCUSD,0.1561576804599246,37.0,,,
2025-06-13T03:40:50,SPY,-0.0273816817336612,36.0,,,
2025-06-13T03:40:50,AAPL,0.060104260573516,37.0,,,
2025-06-13T04:54:37,EURUSD,0.0227558816351541,41.0,,,
2025-06-13T04:54:37,USDJPY,0.0611486985133244,39.0,,,
2025-06-13T04:54:37,GBPUSD,0.0225461850295195,37.0,,,
2025-06-13T04:54:37,AUDUSD,-0.0231130428803272,39.0,,,
2025-06-13T04:54:37,USDCAD,0.0079223379492759,40.0,,,
2025-06-13T04:54:37,XAUUSD,0.1432877019047737,40.0,,,
2025-06-13T04:54:37,CL,0.0184738669130537,36.0,,,
2025-06-13T04:54:37,BTCUSD,0.2694445967674255,40.0,,,
2025-06-13T04:54:37,SPY,-0.0307214144737489,31.0,,,
2025-06-13T04:54:37,AAPL,0.0374976679682731,40.0,,,
2025-06-13T05:43:52,EURUSD,-0.0016281939134365,41.0,,,
2025-06-13T05:43:52,USDJPY,0.0611487015699728,39.0,,,
2025-06-13T05:43:52,GBPUSD,0.0238345401627676,35.0,,,
2025-06-13T05:43:52,AUDUSD,-0.0231130428803272,39.0,,,
2025-06-13T05:43:52,USDCAD,0.0295268684625625,40.0,,,
2025-06-13T05:43:52,XAUUSD,0.1432877019047737,40.0,,,
2025-06-13T05:43:52,CL,0.0049351003111862,41.0,,,
2025-06-13T05:43:52,BTCUSD,0.1783640572899266,38.0,,,
2025-06-13T05:43:52,SPY,-0.0307214144737489,31.0,,,
2025-06-13T05:43:52,AAPL,0.0855746833901656,38.0,,,
2025-06-13T06:57:36,EURUSD,0.0227558816351541,41.0,,,
2025-06-13T06:57:36,USDJPY,0.0611486985133244,39.0,,,
2025-06-13T06:57:36,GBPUSD,0.0238345401627676,35.0,,,
2025-06-13T06:57:36,AUDUSD,-0.022535216808319,40.0,,,
2025-06-13T06:57:36,USDCAD,0.014218047261238,40.0,,,
2025-06-13T06:57:36,XAUUSD,0.1469617455433576,39.0,,,
2025-06-13T06:57:36,CL,0.0184738669130537,36.0,,,
2025-06-13T06:57:36,BTCUSD,0.1831847074869516,37.0,,,
2025-06-13T06:57:36,SPY,-0.0135973634258393,31.0,,,
2025-06-13T06:57:36,AAPL,0.0615488092104593,39.0,,,
2025-06-13T07:35:57,EURUSD,0.0227558816351541,41.0,,,
2025-06-13T07:35:57,USDJPY,0.0611486985133244,39.0,,,
2025-06-13T07:35:57,GBPUSD,0.0509400069713592,36.0,,,
2025-06-13T07:35:57,AUDUSD,-0.0231130428803272,39.0,,,
2025-06-13T07:35:57,USDCAD,0.014218047261238,40.0,,,
2025-06-13T07:35:57,XAUUSD,0.101997876778627,39.0,,,
2025-06-13T07:35:57,CL,0.0039851946963204,36.0,,,
2025-06-13T07:35:57,BTCUSD,0.2628734431615689,41.0,,,
2025-06-13T07:35:57,SPY,-0.0135973634258393,31.0,,,
2025-06-13T07:35:57,AAPL,0.1095314547419548,40.0,,,
2025-06-13T08:54:45,EURUSD,-0.0005752967625129,41.0,,,
2025-06-13T08:54:45,USDJPY,0.0611486985133244,39.0,,,
2025-06-13T08:54:45,GBPUSD,0.0238345401627676,35.0,,,
2025-06-13T08:54:45,AUDUSD,-0.0231130428803272,39.0,,,
2025-06-13T08:54:45,USDCAD,-0.0025765404105186,40.0,,,
2025-06-13T08:54:45,XAUUSD,0.1469617455433576,39.0,,,
2025-06-13T08:54:45,CL,0.0039851913849512,36.0,,,
2025-06-13T08:54:45,BTCUSD,0.2628734431615689,41.0,,,
2025-06-13T08:54:45,SPY,0.0192827006181081,30.0,,,
2025-06-13T08:54:45,AAPL,0.0884048197720501,37.0,,,
2025-06-13T09:41:51,EURUSD,-0.0002812147140502,41.0,,,
2025-06-13T09:41:51,USDJPY,0.0611486985133244,39.0,,,
2025-06-13T09:41:51,GBPUSD,0.0509400069713592,36.0,,,
2025-06-13T09:41:51,AUDUSD,-0.0231130428803272,39.0,,,
2025-06-13T09:41:51,USDCAD,-0.0025765404105186,40.0,,,
2025-06-13T09:41:51,XAUUSD,0.1281683276861142,39.0,,,
2025-06-13T09:41:51,CL,0.0070183111561669,36.0,,,
2025-06-13T09:41:51,BTCUSD,0.2694452792406082,40.0,,,
2025-06-13T09:41:51,SPY,-0.0135973634258393,31.0,,,
2025-06-13T09:41:51,AAPL,0.0619461677576366,38.0,,,
2025-06-13T10:48:53,EURUSD,0.0699673803841195,41.0,,,
2025-06-13T10:48:53,USDJPY,0.0611486985133244,39.0,,,
2025-06-13T10:48:53,GBPUSD,0.0509400069713592,36.0,,,
2025-06-13T10:48:53,AUDUSD,-0.0237212808508622,38.0,,,
2025-06-13T10:48:53,USDCAD,-0.0025765404105186,40.0,,,
2025-06-13T10:48:53,XAUUSD,0.1258103220890729,39.0,,,
2025-06-13T10:48:53,CL,0.0039851913849512,36.0,,,
2025-06-13T10:48:53,BTCUSD,0.2309953037061189,38.0,,,
2025-06-13T10:48:53,SPY,-0.0135973634258393,31.0,,,
2025-06-13T10:48:53,AAPL,0.0563454096381728,37.0,,,
2025-06-13T11:33:39,EURUSD,0.0973666220903396,40.0,,,
2025-06-13T11:33:39,USDJPY,0.0611486954566759,39.0,,,
2025-06-13T11:33:39,GBPUSD,0.0231724679470062,36.0,,,
2025-06-13T11:33:39,AUDUSD,-0.0237212808508622,38.0,,,
2025-06-13T11:33:39,USDCAD,0.014218047261238,40.0,,,
2025-06-13T11:33:39,XAUUSD,0.1281683276861142,39.0,,,
2025-06-13T11:33:39,CL,0.0179745732127009,37.0,,,
2025-06-13T11:33:39,BTCUSD,0.2628727773340737,41.0,,,
2025-06-13T11:33:39,SPY,0.0015878478686014,30.0,,,
2025-06-13T11:33:39,AAPL,0.0877582007332852,38.0,,,
2025-06-13T13:45:15,EURUSD,0.0902654126286506,40.0,,,
2025-06-13T13:45:15,USDJPY,0.0611486985133244,39.0,,,
2025-06-13T13:45:15,GBPUSD,0.0238345401627676,35.0,,,
2025-06-13T13:45:15,AUDUSD,-0.0231130428803272,39.0,,,
2025-06-13T13:45:15,USDCAD,0.014218047261238,40.0,,,
2025-06-13T13:45:15,XAUUSD,0.1376510947942733,40.0,,,
2025-06-13T13:45:15,CL,0.020925713552011,37.0,,,
2025-06-13T13:45:15,BTCUSD,0.2763541325544699,39.0,,,
2025-06-13T13:45:15,SPY,0.0192827006181081,30.0,,,
2025-06-13T13:45:15,AAPL,0.0074370458722114,40.0,,,
2025-06-13T14:46:12,EURUSD,0.0890536054968833,40.0,,,
2025-06-13T14:46:12,USDJPY,0.0611486954566759,39.0,,,
2025-06-13T14:46:12,GBPUSD,0.0509400069713592,36.0,,,
2025-06-13T14:46:12,AUDUSD,-0.022535216808319,40.0,,,
2025-06-13T14:46:12,USDCAD,-0.0025765404105186,40.0,,,
2025-06-13T14:46:12,XAUUSD,0.1448958892571298,38.0,,,
2025-06-13T14:46:12,CL,0.0070183111561669,36.0,,,
2025-06-13T14:46:12,BTCUSD,0.2332552387600853,42.0,,,
2025-06-13T14:46:12,SPY,0.0192827006181081,30.0,,,
2025-06-13T14:46:12,AAPL,0.0616134315729141,40.0,,,
2025-06-13T15:43:04,EURUSD,0.0890536054968833,40.0,,,
2025-06-13T15:43:04,USDJPY,0.0366379221280415,39.0,,,
2025-06-13T15:43:04,GBPUSD,0.0238345401627676,35.0,,,
2025-06-13T15:43:04,AUDUSD,-0.0231130428803272,39.0,,,
2025-06-13T15:43:04,USDCAD,-0.0025765404105186,40.0,,,
2025-06-13T15:43:04,XAUUSD,0.1448958892571298,38.0,,,
2025-06-13T15:43:04,CL,0.0070183111561669,36.0,,,
2025-06-13T15:43:04,BTCUSD,0.2559769075167806,38.0,,,
2025-06-13T15:43:04,SPY,-0.0135973634258393,31.0,,,
2025-06-13T15:43:04,AAPL,0.0366279989480972,40.0,,,
2025-06-13T16:54:05,EURUSD,0.0417505547404289,40.0,,,
2025-06-13T16:54:05,USDJPY,0.0366379221280415,39.0,,,
2025-06-13T16:54:05,GBPUSD,0.0482589539728666,38.0,,,
2025-06-13T16:54:05,AUDUSD,-0.0313823620478312,39.0,,,
2025-06-13T16:54:05,USDCAD,-0.0275379344820976,40.0,,,
2025-06-13T16:54:05,XAUUSD,0.1448958892571298,38.0,,,
2025-06-13T16:54:05,CL,0.0179745732127009,37.0,,,
2025-06-13T16:54:05,BTCUSD,0.2296613909696278,38.0,,,
2025-06-13T16:54:05,SPY,-0.0307214144737489,31.0,,,
2025-06-13T16:54:05,AAPL,0.0302149904401678,38.0,,,
2025-06-13T17:41:05,EURUSD,0.0653635784983635,40.0,,,
2025-06-13T17:41:05,USDJPY,0.0366379221280415,39.0,,,
2025-06-13T17:41:05,GBPUSD,0.0495632500261873,37.0,,,
2025-06-13T17:41:05,AUDUSD,-0.0096289649605751,40.0,,,
2025-06-13T17:41:05,USDCAD,-0.0025765404105186,40.0,,,
2025-06-13T17:41:05,XAUUSD,0.159974027902652,39.0,,,
2025-06-13T17:41:05,CL,0.0040990591049194,35.0,,,
2025-06-13T17:41:05,BTCUSD,0.2559769075167806,38.0,,,
2025-06-13T17:41:05,SPY,0.0192827006181081,30.0,,,
2025-06-13T17:41:05,AAPL,-0.003448162972927,40.0,,,
2025-06-13T18:54:55,EURUSD,0.0417505547404289,40.0,,,
2025-06-13T18:54:55,USDJPY,0.0366379221280415,39.0,,,
2025-06-13T18:54:55,GBPUSD,0.0482589539728666,38.0,,,
2025-06-13T18:54:55,AUDUSD,-0.0313823620478312,39.0,,,
2025-06-13T18:54:55,USDCAD,-0.0272934660315513,40.0,,,
2025-06-13T18:54:55,XAUUSD,0.1185803538874575,38.0,,,
2025-06-13T18:54:55,CL,0.0039851946963204,36.0,,,
2025-06-13T18:54:55,BTCUSD,0.2681778088212013,40.0,,,
2025-06-13T18:54:55,SPY,0.0192827006181081,30.0,,,
2025-06-13T18:54:55,AAPL,0.0580428903167312,37.0,,,
2025-06-13T19:31:21,EURUSD,0.0417505547404289,40.0,,,
2025-06-13T19:31:21,USDJPY,0.0366379221280415,39.0,,,
2025-06-13T19:31:21,GBPUSD,0.0495632500261873,37.0,,,
2025-06-13T19:31:21,AUDUSD,0.0084338188171386,38.0,,,
2025-06-13T19:31:21,USDCAD,-0.0025765404105186,40.0,,,
2025-06-13T19:31:21,XAUUSD,0.1155398319929074,39.0,,,
2025-06-13T19:31:21,CL,0.0039851946963204,36.0,,,
2025-06-13T19:31:21,BTCUSD,0.2559769075167806,38.0,,,
2025-06-13T19:31:21,SPY,0.0015878478686014,30.0,,,
2025-06-13T19:31:21,AAPL,0.0789936278995714,38.0,,,
2025-06-13T20:41:56,EURUSD,0.0395052447915077,40.0,,,
2025-06-13T20:41:56,USDJPY,0.0366379221280415,39.0,,,
2025-06-13T20:41:56,GBPUSD,0.021952864370848,38.0,,,
2025-06-13T20:41:56,AUDUSD,-0.0237212808508622,38.0,,,
2025-06-13T20:41:56,USDCAD,-0.0025765404105186,40.0,,,
2025-06-13T20:41:56,XAUUSD,0.1185803538874575,38.0,,,
2025-06-13T20:41:56,CL,0.0184738669130537,36.0,,,
2025-06-13T20:41:56,BTCUSD,0.2681778088212013,40.0,,,
2025-06-13T20:41:56,SPY,0.0015878478686014,30.0,,,
2025-06-13T20:41:56,AAPL,0.0569252386689186,40.0,,,
2025-06-13T21:35:58,EURUSD,0.0395052447915077,40.0,,,
2025-06-13T21:35:58,USDJPY,0.0366379221280415,39.0,,,
2025-06-13T21:35:58,GBPUSD,0.0238345401627676,35.0,,,
2025-06-13T21:35:58,AUDUSD,-0.022535216808319,40.0,,,
2025-06-13T21:35:58,USDCAD,-0.0025765404105186,40.0,,,
2025-06-13T21:35:58,XAUUSD,0.1641838707421955,38.0,,,
2025-06-13T21:35:58,CL,0.0179745732127009,37.0,,,
2025-06-13T21:35:58,BTCUSD,0.2559769075167806,38.0,,,
2025-06-13T21:35:58,SPY,-0.0307214144737489,31.0,,,
2025-06-13T21:35:58,AAPL,0.0310316118034156,37.0,,,
2025-06-13T22:43:38,EURUSD,0.0630840525031089,40.0,,,
2025-06-13T22:43:38,USDJPY,0.0366379221280415,39.0,,,
2025-06-13T22:43:38,GBPUSD,0.0238345384597778,35.0,,,
2025-06-13T22:43:38,AUDUSD,-0.022535216808319,40.0,,,
2025-06-13T22:43:38,USDCAD,-0.0025765404105186,40.0,,,
2025-06-13T22:43:38,XAUUSD,0.1559746772050857,40.0,,,
2025-06-13T22:43:38,CL,0.0184738669130537,36.0,,,
2025-06-13T22:43:38,BTCUSD,0.2681778088212013,40.0,,,
2025-06-13T22:43:38,SPY,-0.0135973634258393,31.0,,,
2025-06-13T22:43:38,AAPL,0.0319398060441017,40.0,,,
2025-06-13T23:37:42,EURUSD,0.0630840525031089,40.0,,,
2025-06-13T23:37:42,USDJPY,0.0611486954566759,39.0,,,
2025-06-13T23:37:42,GBPUSD,0.0509400069713592,36.0,,,
2025-06-13T23:37:42,AUDUSD,-0.022535216808319,40.0,,,
2025-06-13T23:37:42,USDCAD,-0.0025765404105186,40.0,,,
2025-06-13T23:37:42,XAUUSD,0.1641838707421955,38.0,,,
2025-06-13T23:37:42,CL,0.0184738669130537,36.0,,,
2025-06-13T23:37:42,BTCUSD,0.2494127062650827,39.0,,,
2025-06-13T23:37:42,SPY,0.0192827006181081,30.0,,,
2025-06-13T23:37:42,AAPL,0.0319398060441017,40.0,,,
2025-06-14T03:35:12,EURUSD,0.0171800561440296,39.0,,,
2025-06-14T03:35:12,USDJPY,0.0611486954566759,39.0,,,
2025-06-14T03:35:12,GBPUSD,0.0238345401627676,35.0,,,
2025-06-14T03:35:12,AUDUSD,0.0205496809421441,39.0,,,
2025-06-14T03:35:12,USDCAD,-0.0025765404105186,40.0,,,
2025-06-14T03:35:12,XAUUSD,0.1180367422731299,38.0,,,
2025-06-14T03:35:12,CL,0.0039851946963204,36.0,,,
2025-06-14T03:35:12,BTCUSD,0.3006951824212686,39.0,,,
2025-06-14T03:35:12,SPY,-0.0307214144737489,31.0,,,
2025-06-14T03:35:12,AAPL,0.0040134610356511,37.0,,,
2025-06-14T04:50:59,EURUSD,0.0673214395840962,39.0,,,
2025-06-14T04:50:59,USDJPY,0.0611486954566759,39.0,,,
2025-06-14T04:50:59,GBPUSD,0.0482589539728666,38.0,,,
2025-06-14T04:50:59,AUDUSD,0.0205496809421441,39.0,,,
2025-06-14T04:50:59,USDCAD,0.0175749108195304,40.0,,,
2025-06-14T04:50:59,XAUUSD,0.1122944086790084,40.0,,,
2025-06-14T04:50:59,CL,0.0039851946963204,36.0,,,
2025-06-14T04:50:59,BTCUSD,0.2424203571346071,36.0,,,
2025-06-14T04:50:59,SPY,0.0015878478686014,30.0,,,
2025-06-14T04:50:59,AAPL,0.0040134610356511,37.0,,,
2025-06-14T05:43:17,EURUSD,0.0880840525031089,40.0,,,
2025-06-14T05:43:17,USDJPY,0.0611486985133244,39.0,,,
2025-06-14T05:43:17,GBPUSD,0.0482589539728666,38.0,,,
2025-06-14T05:43:17,AUDUSD,0.0205496809421441,39.0,,,
2025-06-14T05:43:17,USDCAD,-0.0025765404105186,40.0,,,
2025-06-14T05:43:17,XAUUSD,0.1141405058534521,38.0,,,
2025-06-14T05:43:17,CL,0.0492844068341785,36.0,,,
2025-06-14T05:43:17,BTCUSD,0.2822926907162917,38.0,,,
2025-06-14T05:43:17,SPY,-0.0307214144737489,31.0,,,
2025-06-14T05:43:17,AAPL,0.0069480165839195,40.0,,,
2025-06-14T06:51:30,EURUSD,0.0880840525031089,40.0,,,
2025-06-14T06:51:30,USDJPY,0.0611486954566759,39.0,,,
2025-06-14T06:51:30,GBPUSD,0.0238345401627676,35.0,,,
2025-06-14T06:51:30,AUDUSD,0.0205496809421441,39.0,,,
2025-06-14T06:51:30,USDCAD,-0.0025765404105186,40.0,,,
2025-06-14T06:51:30,XAUUSD,0.1172253843900319,37.0,,,
2025-06-14T06:51:30,CL,0.0665124170482158,32.0,,,
2025-06-14T06:51:30,BTCUSD,0.2628952023145315,37.0,,,
2025-06-14T06:51:30,SPY,0.0192827006181081,30.0,,,
2025-06-14T06:51:30,AAPL,0.0616134315729141,40.0,,,
2025-06-14T07:32:51,EURUSD,0.0673214288858266,39.0,,,
2025-06-14T07:32:51,USDJPY,0.0611486954566759,39.0,,,
2025-06-14T07:32:51,GBPUSD,0.0482589539728666,38.0,,,
2025-06-14T07:32:51,AUDUSD,0.0205496809421441,39.0,,,
2025-06-14T07:32:51,USDCAD,-0.0025765404105186,40.0,,,
2025-06-14T07:32:51,XAUUSD,0.1141405058534521,38.0,,,
2025-06-14T07:32:51,CL,0.0947999159495035,33.0,,,
2025-06-14T07:32:51,BTCUSD,0.2424203571346071,36.0,,,
2025-06-14T07:32:51,SPY,-0.0418093362275291,34.0,,,
2025-06-14T07:32:51,AAPL,0.0616134315729141,40.0,,,
2025-06-14T08:45:59,EURUSD,0.0880840525031089,40.0,,,
2025-06-14T08:45:59,USDJPY,0.0611486954566759,39.0,,,
2025-06-14T08:45:59,GBPUSD,0.0482589539728666,38.0,,,
2025-06-14T08:45:59,AUDUSD,0.0205496809421441,39.0,,,
2025-06-14T08:45:59,USDCAD,-0.0025765404105186,40.0,,,
2025-06-14T08:45:59,XAUUSD,0.1141405058534521,38.0,,,
2025-06-14T08:45:59,CL,0.0318505596369504,32.0,,,
2025-06-14T08:45:59,BTCUSD,0.2628952023145315,37.0,,,
2025-06-14T08:45:59,SPY,0.0015878478686014,30.0,,,
2025-06-14T08:45:59,AAPL,0.0570191395910162,38.0,,,
2025-06-14T09:42:56,EURUSD,0.0880840525031089,40.0,,,
2025-06-14T09:42:56,USDJPY,0.0611487015699728,39.0,,,
2025-06-14T09:42:56,GBPUSD,0.0482589539728666,38.0,,,
2025-06-14T09:42:56,AUDUSD,-0.0050196143297048,39.0,,,
2025-06-14T09:42:56,USDCAD,-0.0272934660315513,40.0,,,
2025-06-14T09:42:56,XAUUSD,0.0924324659924758,38.0,,,
2025-06-14T09:42:56,CL,0.0039851946963204,36.0,,,
2025-06-14T09:42:56,BTCUSD,0.2358683299373936,37.0,,,
2025-06-14T09:42:56,SPY,0.0015878478686014,30.0,,,
2025-06-14T09:42:56,AAPL,0.1118983845961721,38.0,,,
2025-06-14T10:43:16,EURUSD,0.0880840525031089,40.0,,,
2025-06-14T10:43:16,USDJPY,0.0611486954566759,39.0,,,
2025-06-14T10:43:16,GBPUSD,0.0509400069713592,36.0,,,
2025-06-14T10:43:16,AUDUSD,0.0337868623244456,39.0,,,
2025-06-14T10:43:16,USDCAD,-0.0025765404105186,40.0,,,
2025-06-14T10:43:16,XAUUSD,0.0949306407490292,37.0,,,
2025-06-14T10:43:16,CL,0.0318505596369504,32.0,,,
2025-06-14T10:43:16,BTCUSD,0.2372383008132109,37.0,,,
2025-06-14T10:43:16,SPY,0.0015878478686014,30.0,,,
2025-06-14T10:43:16,AAPL,0.0574037477374076,40.0,,,
2025-06-14T11:29:07,EURUSD,0.0880840525031089,40.0,,,
2025-06-14T11:29:07,USDJPY,0.0611487015699728,39.0,,,
2025-06-14T11:29:07,GBPUSD,0.0509400069713592,36.0,,,
2025-06-14T11:29:07,AUDUSD,-0.0050196143297048,39.0,,,
2025-06-14T11:29:07,USDCAD,-0.0280520990490913,40.0,,,
2025-06-14T11:29:07,XAUUSD,0.0918888543781481,38.0,,,
2025-06-14T11:29:07,CL,0.0184738669130537,36.0,,,
2025-06-14T11:29:07,BTCUSD,0.2358683299373936,37.0,,,
2025-06-14T11:29:07,SPY,-0.0135973634258393,31.0,,,
2025-06-14T11:29:07,AAPL,0.0069480165839195,40.0,,,
2025-06-14T13:20:15,EURUSD,0.0880840525031089,40.0,,,
2025-06-14T13:20:15,USDJPY,0.0611486985133244,39.0,,,
2025-06-14T13:20:15,GBPUSD,0.0777428961462444,36.0,,,
2025-06-14T13:20:15,AUDUSD,0.0205496809421441,39.0,,,
2025-06-14T13:20:15,USDCAD,-0.0522548601031303,40.0,,,
2025-06-14T13:20:15,XAUUSD,0.0943723369289089,37.0,,,
2025-06-14T13:20:15,CL,0.0308853911631035,33.0,,,
2025-06-14T13:20:15,BTCUSD,0.2309951907710025,38.0,,,
2025-06-14T13:20:15,SPY,-0.0135973634258393,31.0,,,
2025-06-14T13:20:15,AAPL,0.0039078436399761,38.0,,,
2025-06-14T14:39:22,EURUSD,0.0880840525031089,40.0,,,
2025-06-14T14:39:22,USDJPY,0.0366379221280415,39.0,,,
2025-06-14T14:39:22,GBPUSD,0.051403226171221,35.0,,,
2025-06-14T14:39:22,AUDUSD,-0.0050196143297048,39.0,,,
2025-06-14T14:39:22,USDCAD,0.0119736477732658,40.0,,,
2025-06-14T14:39:22,XAUUSD,0.0949306407490292,37.0,,,
2025-06-14T14:39:22,CL,0.0914898803739836,33.0,,,
2025-06-14T14:39:22,BTCUSD,0.2358684555904285,37.0,,,
2025-06-14T14:39:22,SPY,0.0192827006181081,30.0,,,
2025-06-14T14:39:22,AAPL,0.0069480165839195,40.0,,,
2025-06-14T15:36:13,EURUSD,0.0526766031980514,40.0,,,
2025-06-14T15:36:13,USDJPY,0.0366379221280415,39.0,,,
2025-06-14T15:36:13,GBPUSD,0.0777428961462444,36.0,,,
2025-06-14T15:36:13,AUDUSD,-0.0050196143297048,39.0,,,
2025-06-14T15:36:13,USDCAD,-0.1418410897254944,10.0,,,
2025-06-14T15:36:13,XAUUSD,0.12468127200478,38.0,,,
2025-06-14T15:36:13,CL,0.0308839787136424,33.0,,,
2025-06-14T15:36:13,BTCUSD,0.2358684555904285,37.0,,,
2025-06-14T15:36:13,SPY,-0.0135973634258393,31.0,,,
2025-06-14T15:36:13,AAPL,0.0069480165839195,40.0,,,
2025-06-14T16:46:39,EURUSD,0.0526766031980514,40.0,,,
2025-06-14T16:46:39,USDJPY,0.0611487015699728,39.0,,,
2025-06-14T16:46:39,GBPUSD,0.0777428961462444,36.0,,,
2025-06-14T16:46:39,AUDUSD,0.0205496809421441,39.0,,,
2025-06-14T16:46:39,USDCAD,-0.0522548601031303,40.0,,,
2025-06-14T16:46:39,XAUUSD,0.1007857950110184,38.0,,,
2025-06-14T16:46:39,CL,0.0184738669130537,36.0,,,
2025-06-14T16:46:39,BTCUSD,0.2559769075167806,38.0,,,
2025-06-14T16:46:39,SPY,-0.0135973634258393,31.0,,,
2025-06-14T16:46:39,AAPL,0.0311676714478469,41.0,,,
2025-06-14T17:35:34,EURUSD,0.0276766031980514,40.0,,,
2025-06-14T17:35:34,USDJPY,0.0366379221280415,39.0,,,
2025-06-14T17:35:34,GBPUSD,0.0777476562394036,36.0,,,
2025-06-14T17:35:34,AUDUSD,0.0082175670525966,39.0,,,
2025-06-14T17:35:34,USDCAD,-0.0127432778477668,40.0,,,
2025-06-14T17:35:34,XAUUSD,0.079077755150042,38.0,,,
2025-06-14T17:35:34,CL,0.0215069833729002,36.0,,,
2025-06-14T17:35:34,BTCUSD,0.2559769075167806,38.0,,,
2025-06-14T17:35:34,SPY,0.0192827006181081,30.0,,,
2025-06-14T17:35:34,AAPL,0.0069480165839195,40.0,,,
2025-06-14T18:52:20,EURUSD,0.0276766031980514,40.0,,,
2025-06-14T18:52:20,USDJPY,0.0366379221280415,39.0,,,
2025-06-14T18:52:20,GBPUSD,0.0506589064995447,36.0,,,
2025-06-14T18:52:20,AUDUSD,0.0082175670525966,39.0,,,
2025-06-14T18:52:20,USDCAD,-0.0522548601031303,40.0,,,
2025-06-14T18:52:20,XAUUSD,0.0812149917757188,37.0,,,
2025-06-14T18:52:20,CL,0.0352628156542778,32.0,,,
2025-06-14T18:52:20,BTCUSD,0.2358683299373936,37.0,,,
2025-06-14T18:52:20,SPY,-0.0135973634258393,31.0,,,
2025-06-14T18:52:20,AAPL,0.0631112069696993,37.0,,,
2025-06-14T20:45:01,EURUSD,0.0276766031980514,40.0,,,
2025-06-14T20:45:01,USDJPY,0.0366379221280415,39.0,,,
2025-06-14T20:45:01,GBPUSD,0.0506589064995447,36.0,,,
2025-06-14T20:45:01,AUDUSD,0.0082175670525966,39.0,,,
2025-06-14T20:45:01,USDCAD,-0.0127432778477668,40.0,,,
2025-06-14T20:45:01,XAUUSD,0.1024296205294759,38.0,,,
2025-06-14T20:45:01,CL,0.0352628156542778,32.0,,,
2025-06-14T20:45:01,BTCUSD,0.2358683299373936,37.0,,,
2025-06-14T20:45:01,SPY,-0.0135973634258393,31.0,,,
2025-06-14T20:45:01,AAPL,0.0616134315729141,40.0,,,
2025-06-14T20:57:40,EURUSD,0.0513918079980989,41.0,,,
2025-06-14T20:57:40,USDJPY,0.0611487015699728,39.0,,,
2025-06-14T20:57:40,GBPUSD,0.0235454082489013,35.0,,,
2025-06-14T20:57:40,AUDUSD,0.0337868623244456,39.0,,,
2025-06-14T20:57:40,USDCAD,-0.0522548601031303,40.0,,,
2025-06-14T20:57:40,XAUUSD,0.0785341435357144,38.0,,,
2025-06-14T20:57:40,CL,0.0630989428609609,32.0,,,
2025-06-14T20:57:40,BTCUSD,0.2296612686232516,38.0,,,
2025-06-14T20:57:40,SPY,-0.0135973634258393,31.0,,,
2025-06-14T20:57:40,AAPL,0.0614503857336546,38.0,,,
2025-06-14T21:33:08,EURUSD,0.0513918079980989,41.0,,,
2025-06-14T21:33:08,USDJPY,0.0611487015699728,39.0,,,
2025-06-14T21:33:08,GBPUSD,0.0506589064995447,36.0,,,
2025-06-14T21:33:08,AUDUSD,0.0337868623244456,39.0,,,
2025-06-14T21:33:08,USDCAD,-0.0522548601031303,40.0,,,
2025-06-14T21:33:08,XAUUSD,0.0812149917757188,37.0,,,
2025-06-14T21:33:08,CL,0.0215069833729002,36.0,,,
2025-06-14T21:33:08,BTCUSD,0.2296612686232516,38.0,,,
2025-06-14T21:33:08,SPY,-0.0135973634258393,31.0,,,
2025-06-14T21:33:08,AAPL,0.0844997836322319,41.0,,,
2025-06-14T23:37:12,EURUSD,0.0637693448764522,41.0,,,
2025-06-14T23:37:12,USDJPY,0.0366379221280415,39.0,,,
2025-06-14T23:37:12,GBPUSD,0.0777476562394036,36.0,,,
2025-06-14T23:37:12,AUDUSD,0.0337868623244456,39.0,,,
2025-06-14T23:37:12,USDCAD,-0.0522548601031303,40.0,,,
2025-06-14T23:37:12,XAUUSD,0.0949306407490292,37.0,,,
2025-06-14T23:37:12,CL,0.0070183111561669,36.0,,,
2025-06-14T23:37:12,BTCUSD,0.2146427383025487,36.0,,,
2025-06-14T23:37:12,SPY,0.0192827006181081,30.0,,,
2025-06-14T23:37:12,AAPL,0.0616134315729141,40.0,,,
2025-06-15T03:45:50,EURUSD,0.0637693448764522,41.0,,,
2025-06-15T03:45:50,USDJPY,0.0357928123229589,39.0,,,
2025-06-15T03:45:50,GBPUSD,0.0499753571218914,36.0,,,
2025-06-15T03:45:50,AUDUSD,0.0082175670525966,39.0,,,
2025-06-15T03:45:50,USDCAD,-0.0275379344820976,40.0,,,
2025-06-15T03:45:50,XAUUSD,0.1172253843900319,37.0,,,
2025-06-15T03:45:50,CL,0.020925713552011,37.0,,,
2025-06-15T03:45:50,BTCUSD,0.2358683299373936,37.0,,,
2025-06-15T03:45:50,SPY,0.0192827006181081,30.0,,,
2025-06-15T03:45:50,AAPL,0.0113524576512778,41.0,,,
2025-06-15T04:56:45,EURUSD,0.0637693448764522,41.0,,,
2025-06-15T04:56:45,USDJPY,0.0366379221280415,39.0,,,
2025-06-15T04:56:45,GBPUSD,0.0756417367909405,37.0,,,
2025-06-15T04:56:45,AUDUSD,0.0082175670525966,39.0,,,
2025-06-15T04:56:45,USDCAD,-0.0275379344820976,40.0,,,
2025-06-15T04:56:45,XAUUSD,0.1172253843900319,37.0,,,
2025-06-15T04:56:45,CL,0.0039851946963204,36.0,,,
2025-06-15T04:56:45,BTCUSD,0.2088415832132906,37.0,,,
2025-06-15T04:56:45,SPY,-0.0135973634258393,31.0,,,
2025-06-15T04:56:45,AAPL,0.0095619335770607,40.0,,,
2025-06-15T05:44:05,EURUSD,0.0637693448764522,41.0,,,
2025-06-15T05:44:05,USDJPY,0.0825002361566592,39.0,,,
2025-06-15T05:44:05,GBPUSD,0.0777428961462444,36.0,,,
2025-06-15T05:44:05,AUDUSD,0.0082175670525966,39.0,,,
2025-06-15T05:44:05,USDCAD,-0.0275379344820976,40.0,,,
2025-06-15T05:44:05,XAUUSD,0.1417666850863276,37.0,,,
2025-06-15T05:44:05,CL,0.0308853911631035,33.0,,,
2025-06-15T05:44:05,BTCUSD,0.2494132870282882,39.0,,,
2025-06-15T05:44:05,SPY,-0.0135973634258393,31.0,,,
2025-06-15T05:44:05,AAPL,0.1068390577267377,39.0,,,
2025-06-15T06:53:01,EURUSD,0.0637693448764522,41.0,,,
2025-06-15T06:53:01,USDJPY,0.0825002361566592,39.0,,,
2025-06-15T06:53:01,GBPUSD,0.0777428961462444,36.0,,,
2025-06-15T06:53:01,AUDUSD,0.0082175670525966,39.0,,,
2025-06-15T06:53:01,USDCAD,-0.0275379344820976,40.0,,,
2025-06-15T06:53:01,XAUUSD,0.1172253843900319,37.0,,,
2025-06-15T06:53:01,CL,0.0039851946963204,36.0,,,
2025-06-15T06:53:01,BTCUSD,0.2296612686232516,38.0,,,
2025-06-15T06:53:01,SPY,-0.0135973634258393,31.0,,,
2025-06-15T06:53:01,AAPL,0.0845009088516235,41.0,,,
2025-06-15T07:34:14,EURUSD,0.0637693448764522,41.0,,,
2025-06-15T07:34:14,USDJPY,0.1057348862672463,39.0,,,
2025-06-15T07:34:14,GBPUSD,0.0506589064995447,36.0,,,
2025-06-15T07:34:14,AUDUSD,0.0082175670525966,39.0,,,
2025-06-15T07:34:14,USDCAD,-0.0275379344820976,40.0,,,
2025-06-15T07:34:14,XAUUSD,0.1417666850863276,37.0,,,
2025-06-15T07:34:14,CL,0.0318505596369504,32.0,,,
2025-06-15T07:34:14,BTCUSD,0.2559767945816642,38.0,,,
2025-06-15T07:34:14,SPY,-0.0135973634258393,31.0,,,
2025-06-15T07:34:14,AAPL,0.0845009088516235,41.0,,,
2025-06-15T08:45:55,EURUSD,0.0149950254254224,41.0,,,
2025-06-15T08:45:55,USDJPY,0.081224106825315,39.0,,,
2025-06-15T08:45:55,GBPUSD,0.0756417367909405,37.0,,,
2025-06-15T08:45:55,AUDUSD,0.0082175670525966,39.0,,,
2025-06-15T08:45:55,USDCAD,-0.0275379344820976,40.0,,,
2025-06-15T08:45:55,XAUUSD,0.0943723369289089,37.0,,,
2025-06-15T08:45:55,CL,0.0039851946963204,36.0,,,
2025-06-15T08:45:55,BTCUSD,0.2088415832132906,37.0,,,
2025-06-15T08:45:55,SPY,-0.0135973634258393,31.0,,,
2025-06-15T08:45:55,AAPL,0.084539096057415,40.0,,,
2025-06-15T09:36:17,EURUSD,0.0149950254254224,41.0,,,
2025-06-15T09:36:17,USDJPY,0.1057348862672463,39.0,,,
2025-06-15T09:36:17,GBPUSD,0.0756417367909405,37.0,,,
2025-06-15T09:36:17,AUDUSD,0.0082175670525966,39.0,,,
2025-06-15T09:36:17,USDCAD,-0.0275379344820976,40.0,,,
2025-06-15T09:36:17,XAUUSD,0.0943723369289089,37.0,,,
2025-06-15T09:36:17,CL,0.0363999758997271,31.0,,,
2025-06-15T09:36:17,BTCUSD,0.2559767914445777,38.0,,,
2025-06-15T09:36:17,SPY,-0.0135973634258393,31.0,,,
2025-06-15T09:36:17,AAPL,0.0298736810684204,40.0,,,
2025-06-15T10:47:25,EURUSD,0.015369901061058,40.0,,,
2025-06-15T10:47:25,USDJPY,0.1057348862672463,39.0,,,
2025-06-15T10:47:25,GBPUSD,0.0492897468644219,37.0,,,
2025-06-15T10:47:25,AUDUSD,0.0082175670525966,39.0,,,
2025-06-15T10:47:25,USDCAD,-0.0275379344820976,40.0,,,
2025-06-15T10:47:25,XAUUSD,0.0943723369289089,37.0,,,
2025-06-15T10:47:25,CL,0.0450002019469802,37.0,,,
2025-06-15T10:47:25,BTCUSD,0.2559767945816642,38.0,,,
2025-06-15T10:47:25,SPY,-0.0135973634258393,31.0,,,
2025-06-15T10:47:25,AAPL,0.1053293108940124,40.0,,,
2025-06-15T11:30:05,EURUSD,0.015369901061058,40.0,,,
2025-06-15T11:30:05,USDJPY,0.0825002361566592,39.0,,,
2025-06-15T11:30:05,GBPUSD,0.0499753571218914,36.0,,,
2025-06-15T11:30:05,AUDUSD,0.0082175670525966,39.0,,,
2025-06-15T11:30:05,USDCAD,-0.0275379344820976,40.0,,,
2025-06-15T11:30:05,XAUUSD,0.0943723369289089,37.0,,,
2025-06-15T11:30:05,CL,0.0299770919715656,34.0,,,
2025-06-15T11:30:05,BTCUSD,0.2296612686232516,38.0,,,
2025-06-15T11:30:05,SPY,0.0192827006181081,30.0,,,
2025-06-15T11:30:05,AAPL,0.1303524925158574,39.0,,,
2025-06-15T13:20:51,EURUSD,0.0149950254254224,41.0,,,
2025-06-15T13:20:51,USDJPY,0.0579894567147279,39.0,,,
2025-06-15T13:20:51,GBPUSD,0.0756417367909405,37.0,,,
2025-06-15T13:20:51,AUDUSD,0.0082175670525966,39.0,,,
2025-06-15T13:20:51,USDCAD,0.0119736477732658,40.0,,,
2025-06-15T13:20:51,XAUUSD,0.1172253843900319,37.0,,,
2025-06-15T13:20:51,CL,0.0070183111561669,36.0,,,
2025-06-15T13:20:51,BTCUSD,0.2559767945816642,38.0,,,
2025-06-15T13:20:51,SPY,-0.0135973634258393,31.0,,,
2025-06-15T13:20:51,AAPL,0.1118983845961721,38.0,,,
2025-06-15T14:39:41,EURUSD,0.0149950254254224,41.0,,,
2025-06-15T14:39:41,USDJPY,0.0357928123229589,39.0,,,
2025-06-15T14:39:41,GBPUSD,0.0777428961462444,36.0,,,
2025-06-15T14:39:41,AUDUSD,0.0082175670525966,39.0,,,
2025-06-15T14:39:41,USDCAD,0.0119736477732658,40.0,,,
2025-06-15T14:39:41,XAUUSD,0.0949306407490292,37.0,,,
2025-06-15T14:39:41,CL,0.0492844068341785,36.0,,,
2025-06-15T14:39:41,BTCUSD,0.2358683299373936,37.0,,,
2025-06-15T14:39:41,SPY,-0.0135973634258393,31.0,,,
2025-06-15T14:39:41,AAPL,0.084539096057415,40.0,,,
2025-06-15T15:38:26,EURUSD,0.015369901061058,40.0,,,
2025-06-15T15:38:26,USDJPY,-0.010717382797828,39.0,,,
2025-06-15T15:38:26,GBPUSD,0.0499753571218914,36.0,,,
2025-06-15T15:38:26,AUDUSD,0.0082175670525966,39.0,,,
2025-06-15T15:38:26,USDCAD,0.0119736477732658,40.0,,,
2025-06-15T15:38:26,XAUUSD,0.1189136376252045,37.0,,,
2025-06-15T15:38:26,CL,0.0422438085079193,42.0,,,
2025-06-15T15:38:26,BTCUSD,0.2296612686232516,38.0,,,
2025-06-15T15:38:26,SPY,-0.0135973634258393,31.0,,,
2025-06-15T15:38:26,AAPL,0.0845204249024391,40.0,,,
2025-06-15T16:52:07,EURUSD,0.0149950254254224,41.0,,,
2025-06-15T16:52:07,USDJPY,0.0357928123229589,39.0,,,
2025-06-15T16:52:07,GBPUSD,0.0499753571218914,36.0,,,
2025-06-15T16:52:07,AUDUSD,0.0082175670525966,39.0,,,
2025-06-15T16:52:07,USDCAD,0.0119736477732658,40.0,,,
2025-06-15T16:52:07,XAUUSD,0.144252150445371,37.0,,,
2025-06-15T16:52:07,CL,0.0308853911631035,33.0,,,
2025-06-15T16:52:07,BTCUSD,0.2309944723781786,38.0,,,
2025-06-15T16:52:07,SPY,-0.0135973634258393,31.0,,,
2025-06-15T16:52:07,AAPL,0.1090291952475523,39.0,,,
2025-06-15T17:37:18,EURUSD,0.015369901061058,40.0,,,
2025-06-15T17:37:18,USDJPY,0.0359900410358722,39.0,,,
2025-06-15T17:37:18,GBPUSD,0.0756417367909405,37.0,,,
2025-06-15T17:37:18,AUDUSD,0.0082175670525966,39.0,,,
2025-06-15T17:37:18,USDCAD,0.0119736477732658,40.0,,,
2025-06-15T17:37:18,XAUUSD,0.1172253843900319,37.0,,,
2025-06-15T17:37:18,CL,0.0914898803739836,33.0,,,
2025-06-15T17:37:18,BTCUSD,0.2088415832132906,37.0,,,
2025-06-15T17:37:18,SPY,-0.0135973634258393,31.0,,,
2025-06-15T17:37:18,AAPL,0.111878730748829,38.0,,,
2025-06-15T18:31:49,EURUSD,0.015369901061058,40.0,,,
2025-06-15T18:31:49,USDJPY,0.0825002361566592,39.0,,,
2025-06-15T18:31:49,GBPUSD,0.0228913674751917,36.0,,,
2025-06-15T18:31:49,AUDUSD,0.0082175670525966,39.0,,,
2025-06-15T18:31:49,USDCAD,-0.0275379344820976,40.0,,,
2025-06-15T18:31:49,XAUUSD,0.1172253843900319,37.0,,,
2025-06-15T18:31:49,CL,0.0450002019469802,37.0,,,
2025-06-15T18:31:49,BTCUSD,0.2296612686232516,38.0,,,
2025-06-15T18:31:49,SPY,0.0192827006181081,30.0,,,
2025-06-15T18:31:49,AAPL,0.1118983845961721,38.0,,,
2025-06-15T18:50:18,EURUSD,0.015369901061058,40.0,,,
2025-06-15T18:50:18,USDJPY,0.0359900410358722,39.0,,,
2025-06-15T18:50:18,GBPUSD,0.0756417367909405,37.0,,,
2025-06-15T18:50:18,AUDUSD,0.0082175670525966,39.0,,,
2025-06-15T18:50:18,USDCAD,0.0122806643828367,39.0,,,
2025-06-15T18:50:18,XAUUSD,0.1172253843900319,37.0,,,
2025-06-15T18:50:18,CL,0.0593873350059284,34.0,,,
2025-06-15T18:50:18,BTCUSD,0.2296612686232516,38.0,,,
2025-06-15T18:50:18,SPY,-0.0135973634258393,31.0,,,
2025-06-15T18:50:18,AAPL,0.084539096057415,40.0,,,
2025-06-15T19:27:51,EURUSD,0.015369901061058,40.0,,,
2025-06-15T19:27:51,USDJPY,0.0592246911464593,39.0,,,
2025-06-15T19:27:51,GBPUSD,0.0499753571218914,36.0,,,
2025-06-15T19:27:51,AUDUSD,0.0082175670525966,39.0,,,
2025-06-15T19:27:51,USDCAD,0.0119736477732658,40.0,,,
2025-06-15T19:27:51,XAUUSD,0.1172253843900319,37.0,,,
2025-06-15T19:27:51,CL,0.0317615353398852,36.0,,,
2025-06-15T19:27:51,BTCUSD,0.2559767945816642,38.0,,,
2025-06-15T19:27:51,SPY,-0.0135973634258393,31.0,,,
2025-06-15T19:27:51,AAPL,0.1118983845961721,38.0,,,
2025-06-15T20:39:02,EURUSD,0.015369901061058,40.0,,,
2025-06-15T20:39:02,USDJPY,0.0825002361566592,39.0,,,
2025-06-15T20:39:02,GBPUSD,0.0756417367909405,37.0,,,
2025-06-15T20:39:02,AUDUSD,0.0080121278762817,40.0,,,
2025-06-15T20:39:02,USDCAD,-0.0034206876387962,39.0,,,
2025-06-15T20:39:02,XAUUSD,0.0943723369289089,37.0,,,
2025-06-15T20:39:02,CL,0.0318505596369504,32.0,,,
2025-06-15T20:39:02,BTCUSD,0.2296612686232516,38.0,,,
2025-06-15T20:39:02,SPY,-0.0135973634258393,31.0,,,
2025-06-15T20:39:02,AAPL,0.084539096057415,40.0,,,
2025-06-15T21:33:13,EURUSD,0.010731703042984,10.0,,,
2025-06-15T21:33:13,USDJPY,0.0825002361566592,39.0,,,
2025-06-15T21:33:13,GBPUSD,0.0499753571218914,36.0,,,
2025-06-15T21:33:13,AUDUSD,0.0082175670525966,39.0,,,
2025-06-15T21:33:13,USDCAD,-0.0034206876387962,39.0,,,
2025-06-15T21:33:13,XAUUSD,0.1172253843900319,37.0,,,
2025-06-15T21:33:13,CL,0.0318505596369504,32.0,,,
2025-06-15T21:33:13,BTCUSD,0.2237725181457324,39.0,,,
2025-06-15T21:33:13,SPY,-0.0135973634258393,31.0,,,
2025-06-15T21:33:13,AAPL,0.1068673468217617,41.0,,,
2025-06-15T22:41:41,EURUSD,0.015369901061058,40.0,,,
2025-06-15T22:41:41,USDJPY,0.0359900410358722,39.0,,,
2025-06-15T22:41:41,GBPUSD,0.0492897468644219,37.0,,,
2025-06-15T22:41:41,AUDUSD,0.0080121278762817,40.0,,,
2025-06-15T22:41:41,USDCAD,0.0119736477732658,40.0,,,
2025-06-15T22:41:41,XAUUSD,0.1172253843900319,37.0,,,
2025-06-15T22:41:41,CL,0.0318505596369504,32.0,,,
2025-06-15T22:41:41,BTCUSD,0.2296612686232516,38.0,,,
2025-06-15T22:41:41,SPY,0.0382572604763892,31.0,,,
2025-06-15T22:41:41,AAPL,0.084539096057415,40.0,,,
2025-06-15T23:34:31,EURUSD,0.002682925760746,40.0,,,
2025-06-15T23:34:31,USDJPY,0.0359900410358722,39.0,,,
2025-06-15T23:34:31,GBPUSD,0.0492897468644219,37.0,,,
2025-06-15T23:34:31,AUDUSD,0.0080121278762817,40.0,,,
2025-06-15T23:34:31,USDCAD,0.0119736477732658,40.0,,,
2025-06-15T23:34:31,XAUUSD,0.120635678639283,37.0,,,
2025-06-15T23:34:31,CL,0.0179745732127009,37.0,,,
2025-06-15T23:34:31,BTCUSD,0.2296612686232516,38.0,,,
2025-06-15T23:34:31,SPY,0.0382572604763892,31.0,,,
2025-06-15T23:34:31,AAPL,0.0845472976565361,40.0,,,
2025-06-16T03:46:06,EURUSD,-0.0225834189317165,39.0,,,
2025-06-16T03:46:06,USDJPY,0.0592246911464593,39.0,,,
2025-06-16T03:46:06,GBPUSD,0.0486246717942727,37.0,,,
2025-06-16T03:46:06,AUDUSD,0.0082175670525966,39.0,,,
2025-06-16T03:46:06,USDCAD,0.0119736477732658,40.0,,,
2025-06-16T03:46:06,XAUUSD,0.0812149917757188,37.0,,,
2025-06-16T03:46:06,CL,0.0070183111561669,36.0,,,
2025-06-16T03:46:06,BTCUSD,0.2296612686232516,38.0,,,
2025-06-16T03:46:06,SPY,0.0058117434382438,32.0,,,
2025-06-16T03:46:06,AAPL,0.0855912377959803,38.0,,,
2025-06-16T04:59:18,EURUSD,-0.0220188334584236,40.0,,,
2025-06-16T04:59:18,USDJPY,0.0592246911464593,39.0,,,
2025-06-16T04:59:18,GBPUSD,0.0499753571218914,36.0,,,
2025-06-16T04:59:18,AUDUSD,-0.0132889334972088,39.0,,,
2025-06-16T04:59:18,USDCAD,0.0122806643828367,39.0,,,
2025-06-16T04:59:18,XAUUSD,0.0812149917757188,37.0,,,
2025-06-16T04:59:18,CL,0.0450001987251075,37.0,,,
2025-06-16T04:59:18,BTCUSD,0.2296612686232516,38.0,,,
2025-06-16T04:59:18,SPY,0.0058117434382438,32.0,,,
2025-06-16T04:59:18,AAPL,0.0845204249024391,40.0,,,
2025-06-16T05:47:57,EURUSD,-0.0220188334584236,40.0,,,
2025-06-16T05:47:57,USDJPY,0.0592246911464593,39.0,,,
2025-06-16T05:47:57,GBPUSD,0.0756417367909405,37.0,,,
2025-06-16T05:47:57,AUDUSD,-0.0298626010234539,39.0,,,
2025-06-16T05:47:57,USDCAD,0.0119736477732658,40.0,,,
2025-06-16T05:47:57,XAUUSD,0.1280510361130173,37.0,,,
2025-06-16T05:47:57,CL,0.0326690060751778,35.0,,,
2025-06-16T05:47:57,BTCUSD,0.2559767914445777,38.0,,,
2025-06-16T05:47:57,SPY,0.0058117434382438,32.0,,,
2025-06-16T05:47:57,AAPL,0.0806562978970377,38.0,,,
2025-06-16T06:58:55,EURUSD,0.0264236167073249,40.0,,,
2025-06-16T06:58:55,USDJPY,0.0592246911464593,39.0,,,
2025-06-16T06:58:55,GBPUSD,0.0492897468644219,37.0,,,
2025-06-16T06:58:55,AUDUSD,0.0084338188171386,38.0,,,
2025-06-16T06:58:55,USDCAD,0.0119736477732658,40.0,,,
2025-06-16T06:58:55,XAUUSD,0.0812149917757188,37.0,,,
2025-06-16T06:58:55,CL,0.0326690060751778,35.0,,,
2025-06-16T06:58:55,BTCUSD,0.23723830564602,37.0,,,
2025-06-16T06:58:55,SPY,0.0058117434382438,32.0,,,
2025-06-16T06:58:55,AAPL,0.1090291952475523,39.0,,,
2025-06-16T07:41:15,EURUSD,0.0020837873220443,40.0,,,
2025-06-16T07:41:15,USDJPY,0.0359900410358722,39.0,,,
2025-06-16T07:41:15,GBPUSD,0.0756417367909405,37.0,,,
2025-06-16T07:41:15,AUDUSD,-0.0083561142285664,39.0,,,
2025-06-16T07:41:15,USDCAD,-0.0034206876387962,39.0,,,
2025-06-16T07:41:15,XAUUSD,0.1035097354167216,37.0,,,
2025-06-16T07:41:15,CL,0.061186853683356,33.0,,,
2025-06-16T07:41:15,BTCUSD,0.2358683347702026,37.0,,,
2025-06-16T07:41:15,SPY,0.0058117434382438,32.0,,,
2025-06-16T07:41:15,AAPL,0.1038943107535199,41.0,,,
2025-06-16T08:56:57,EURUSD,0.0520467698574066,40.0,,,
2025-06-16T08:56:57,USDJPY,0.0359900410358722,39.0,,,
2025-06-16T08:56:57,GBPUSD,0.0756417367909405,37.0,,,
2025-06-16T08:56:57,AUDUSD,0.0084338188171386,38.0,,,
2025-06-16T08:56:57,USDCAD,0.0119736477732658,40.0,,,
2025-06-16T08:56:57,XAUUSD,0.0812149917757188,37.0,,,
2025-06-16T08:56:57,CL,0.0462502075566185,36.0,,,
2025-06-16T08:56:57,BTCUSD,0.2358683299373936,37.0,,,
2025-06-16T08:56:57,SPY,0.0382572604763892,31.0,,,
2025-06-16T08:56:57,AAPL,0.084539096057415,40.0,,,
2025-06-16T09:45:13,EURUSD,0.0520837768912315,40.0,,,
2025-06-16T09:45:13,USDJPY,0.0359900410358722,39.0,,,
2025-06-16T09:45:13,GBPUSD,0.0756417367909405,37.0,,,
2025-06-16T09:45:13,AUDUSD,0.0082175670525966,39.0,,,
2025-06-16T09:45:13,USDCAD,-0.0127432778477668,40.0,,,
2025-06-16T09:45:13,XAUUSD,0.0806566879555985,37.0,,,
2025-06-16T09:45:13,CL,0.0914898803739836,33.0,,,
2025-06-16T09:45:13,BTCUSD,0.2559760730517538,38.0,,,
2025-06-16T09:45:13,SPY,0.0058117434382438,32.0,,,
2025-06-16T09:45:13,AAPL,0.1118983845961721,38.0,,,
2025-06-16T10:50:58,EURUSD,0.0742901670627105,39.0,,,
2025-06-16T10:50:58,USDJPY,0.0592246911464593,39.0,,,
2025-06-16T10:50:58,GBPUSD,0.0756417367909405,37.0,,,
2025-06-16T10:50:58,AUDUSD,0.0082175670525966,39.0,,,
2025-06-16T10:50:58,USDCAD,-0.0127432778477668,40.0,,,
2025-06-16T10:50:58,XAUUSD,0.0806566879555985,37.0,,,
2025-06-16T10:50:58,CL,0.0630989428609609,32.0,,,
2025-06-16T10:50:58,BTCUSD,0.2358676034051018,37.0,,,
2025-06-16T10:50:58,SPY,0.0058117434382438,32.0,,,
2025-06-16T10:50:58,AAPL,0.0345473662018775,40.0,,,
2025-06-16T11:33:26,EURUSD,0.0486491521199544,39.0,,,
2025-06-16T11:33:26,USDJPY,0.0359900410358722,39.0,,,
2025-06-16T11:33:26,GBPUSD,0.0499753571218914,36.0,,,
2025-06-16T11:33:26,AUDUSD,-0.0298626147783719,39.0,,,
2025-06-16T11:33:26,USDCAD,0.0119736477732658,40.0,,,
2025-06-16T11:33:26,XAUUSD,0.0732948498593436,36.0,,,
2025-06-16T11:33:26,CL,0.0462502042452494,36.0,,,
2025-06-16T11:33:26,BTCUSD,0.2358683347702026,37.0,,,
2025-06-16T11:33:26,SPY,0.0058117434382438,32.0,,,
2025-06-16T11:33:26,AAPL,0.1124020344332644,38.0,,,
2025-06-16T13:49:08,EURUSD,0.0486491521199544,39.0,,,
2025-06-16T13:49:08,USDJPY,0.0359900410358722,39.0,,,
2025-06-16T13:49:08,GBPUSD,0.0756417367909405,37.0,,,
2025-06-16T13:49:08,AUDUSD,-0.0298626147783719,39.0,,,
2025-06-16T13:49:08,USDCAD,-0.0127432778477668,40.0,,,
2025-06-16T13:49:08,XAUUSD,0.093608651612256,37.0,,,
2025-06-16T13:49:08,CL,0.0352628156542778,32.0,,,
2025-06-16T13:49:08,BTCUSD,0.2358683347702026,37.0,,,
2025-06-16T13:49:08,SPY,0.0382572604763892,31.0,,,
2025-06-16T13:49:08,AAPL,0.1090291952475523,39.0,,,
2025-06-16T14:46:30,EURUSD,0.0486491521199544,39.0,,,
2025-06-16T14:46:30,USDJPY,0.0819323597810207,39.0,,,
2025-06-16T14:46:30,GBPUSD,0.0492897468644219,37.0,,,
2025-06-16T14:46:30,AUDUSD,-0.0132889334972088,39.0,,,
2025-06-16T14:46:30,USDCAD,0.0122806643828367,39.0,,,
2025-06-16T14:46:30,XAUUSD,0.093608651612256,37.0,,,
2025-06-16T14:46:30,CL,0.0352628156542778,32.0,,,
2025-06-16T14:46:30,BTCUSD,0.2146427432696024,36.0,,,
2025-06-16T14:46:30,SPY,0.0580905848933804,31.0,,,
2025-06-16T14:46:30,AAPL,0.0345473662018775,40.0,,,
2025-06-16T15:43:56,EURUSD,0.0733239904046058,40.0,,,
2025-06-16T15:43:56,USDJPY,0.0359900410358722,39.0,,,
2025-06-16T15:43:56,GBPUSD,0.0492897468644219,37.0,,,
2025-06-16T15:43:56,AUDUSD,-0.0132889334972088,39.0,,,
2025-06-16T15:43:56,USDCAD,0.0119736477732658,40.0,,,
2025-06-16T15:43:56,XAUUSD,0.093608651612256,37.0,,,
2025-06-16T15:43:56,CL,0.0072188360350472,35.0,,,
2025-06-16T15:43:56,BTCUSD,0.223772522730705,39.0,,,
2025-06-16T15:43:56,SPY,0.0580905848933804,31.0,,,
2025-06-16T15:43:56,AAPL,0.0345473662018775,40.0,,,
2025-06-16T16:55:40,EURUSD,0.0486491521199544,39.0,,,
2025-06-16T16:55:40,USDJPY,0.0359900410358722,39.0,,,
2025-06-16T16:55:40,GBPUSD,0.0499753571218914,36.0,,,
2025-06-16T16:55:40,AUDUSD,-0.0132889334972088,39.0,,,
2025-06-16T16:55:40,USDCAD,0.0122806643828367,39.0,,,
2025-06-16T16:55:40,XAUUSD,0.0707556041511329,37.0,,,
2025-06-16T16:55:40,CL,0.0326690094811575,35.0,,,
2025-06-16T16:55:40,BTCUSD,0.1335919979545805,36.0,,,
2025-06-16T16:55:40,SPY,0.025025276467204,32.0,,,
2025-06-16T16:55:40,AAPL,0.109505857527256,40.0,,,
2025-06-16T17:42:01,EURUSD,0.0486491521199544,39.0,,,
2025-06-16T17:42:01,USDJPY,0.0359900410358722,39.0,,,
2025-06-16T17:42:01,GBPUSD,0.0499753571218914,36.0,,,
2025-06-16T17:42:01,AUDUSD,-0.0132889334972088,39.0,,,
2025-06-16T17:42:01,USDCAD,0.0122806643828367,39.0,,,
2025-06-16T17:42:01,XAUUSD,0.0977826311781599,37.0,,,
2025-06-16T17:42:01,CL,0.0352628156542778,32.0,,,
2025-06-16T17:42:01,BTCUSD,0.2424202329582638,36.0,,,
2025-06-16T17:42:01,SPY,0.0580905848933804,31.0,,,
2025-06-16T17:42:01,AAPL,0.0095619335770607,40.0,,,
2025-06-16T18:56:26,EURUSD,0.0948274239897728,40.0,,,
2025-06-16T18:56:26,USDJPY,0.0359900410358722,39.0,,,
2025-06-16T18:56:26,GBPUSD,0.0756463682329332,37.0,,,
2025-06-16T18:56:26,AUDUSD,-0.0132889334972088,39.0,,,
2025-06-16T18:56:26,USDCAD,0.0122806643828367,39.0,,,
2025-06-16T18:56:26,XAUUSD,0.0842736298973495,37.0,,,
2025-06-16T18:56:26,CL,0.0450002019469802,37.0,,,
2025-06-16T18:56:26,BTCUSD,0.2424202329582638,36.0,,,
2025-06-16T18:56:26,SPY,0.025025276467204,32.0,,,
2025-06-16T18:56:26,AAPL,0.0850175634026527,40.0,,,
2025-06-16T19:30:21,EURUSD,0.0710342973470687,40.0,,,
2025-06-16T19:30:21,USDJPY,-0.010717382797828,39.0,,,
2025-06-16T19:30:21,GBPUSD,0.0499753571218914,36.0,,,
2025-06-16T19:30:21,AUDUSD,-0.0132889334972088,39.0,,,
2025-06-16T19:30:21,USDCAD,0.0122806674394852,39.0,,,
2025-06-16T19:30:21,XAUUSD,0.0820559027947877,38.0,,,
2025-06-16T19:30:21,CL,0.0317615353398852,36.0,,,
2025-06-16T19:30:21,BTCUSD,0.254673526475304,38.0,,,
2025-06-16T19:30:21,SPY,0.0580905848933804,31.0,,,
2025-06-16T19:30:21,AAPL,0.1118983845961721,38.0,,,
2025-06-16T19:56:41,EURUSD,0.071941763926775,39.0,,,
2025-06-16T19:56:41,USDJPY,-0.010717382797828,39.0,,,
2025-06-16T19:56:41,GBPUSD,0.0756463682329332,37.0,,,
2025-06-16T19:56:41,AUDUSD,0.0082175670525966,39.0,,,
2025-06-16T19:56:41,USDCAD,0.0122806643828367,39.0,,,
2025-06-16T19:56:41,XAUUSD,0.1083716922684719,38.0,,,
2025-06-16T19:56:41,CL,0.0317615353398852,36.0,,,
2025-06-16T19:56:41,BTCUSD,0.2410445561011632,36.0,,,
2025-06-16T19:56:41,SPY,0.0580905848933804,31.0,,,
2025-06-16T19:56:41,AAPL,0.0814917340874672,40.0,,,
2025-06-16T20:42:38,EURUSD,0.071941763926775,39.0,,,
2025-06-16T20:42:38,USDJPY,-0.010717382797828,39.0,,,
2025-06-16T20:42:38,GBPUSD,0.0318214328665482,38.0,,,
2025-06-16T20:42:38,AUDUSD,-0.0075433957271086,39.0,,,
2025-06-16T20:42:38,USDCAD,-0.0033932909369468,40.0,,,
2025-06-16T20:42:38,XAUUSD,0.1113006569243766,37.0,,,
2025-06-16T20:42:38,CL,0.020925713552011,37.0,,,
2025-06-16T20:42:38,BTCUSD,0.2615565915365477,37.0,,,
2025-06-16T20:42:38,SPY,0.025025276467204,32.0,,,
2025-06-16T20:42:38,AAPL,0.0814917340874672,40.0,,,
2025-06-16T21:09:05,EURUSD,0.0451432198286056,40.0,,,
2025-06-16T21:09:05,USDJPY,-0.010717382797828,39.0,,,
2025-06-16T21:09:05,GBPUSD,0.0574799493739479,38.0,,,
2025-06-16T21:09:05,AUDUSD,0.0084338188171386,38.0,,,
2025-06-16T21:09:05,USDCAD,-0.0034802953402201,39.0,,,
2025-06-16T21:09:05,XAUUSD,0.1113006569243766,37.0,,,
2025-06-16T21:09:05,CL,0.0630989428609609,32.0,,,
2025-06-16T21:09:05,BTCUSD,0.2410445561011632,36.0,,,
2025-06-16T21:09:05,SPY,0.025025276467204,32.0,,,
2025-06-16T21:09:05,AAPL,0.1059036957911956,39.0,,,
2025-06-16T21:36:11,EURUSD,0.0703535293921446,39.0,,,
2025-06-16T21:36:11,USDJPY,0.0819323597810207,39.0,,,
2025-06-16T21:36:11,GBPUSD,0.0499753571218914,36.0,,,
2025-06-16T21:36:11,AUDUSD,-0.0075433957271086,39.0,,,
2025-06-16T21:36:11,USDCAD,-0.0033932909369468,40.0,,,
2025-06-16T21:36:11,XAUUSD,0.0820559027947877,38.0,,,
2025-06-16T21:36:11,CL,0.061186853683356,33.0,,,
2025-06-16T21:36:11,BTCUSD,0.2410445561011632,36.0,,,
2025-06-16T21:36:11,SPY,0.039777135848999,30.0,,,
2025-06-16T21:36:11,AAPL,0.1038943107535199,41.0,,,
2025-06-16T22:43:19,EURUSD,0.0944857686758041,40.0,,,
2025-06-16T22:43:19,USDJPY,0.0359900410358722,39.0,,,
2025-06-16T22:43:19,GBPUSD,0.0574754398120077,38.0,,,
2025-06-16T22:43:19,AUDUSD,-0.0075433957271086,39.0,,,
2025-06-16T22:43:19,USDCAD,-0.0034802953402201,39.0,,,
2025-06-16T22:43:19,XAUUSD,0.079951905287229,39.0,,,
2025-06-16T22:43:19,CL,0.061186853683356,33.0,,,
2025-06-16T22:43:19,BTCUSD,0.254673526475304,38.0,,,
2025-06-16T22:43:19,SPY,0.025025276467204,32.0,,,
2025-06-16T22:43:19,AAPL,0.1038943107535199,41.0,,,
2025-06-16T23:35:28,EURUSD,0.0703535293921446,39.0,,,
2025-06-16T23:35:28,USDJPY,0.0359900410358722,39.0,,,
2025-06-16T23:35:28,GBPUSD,0.0499753571218914,36.0,,,
2025-06-16T23:35:28,AUDUSD,0.0084338188171386,38.0,,,
2025-06-16T23:35:28,USDCAD,-0.0281102165579795,40.0,,,
2025-06-16T23:35:28,XAUUSD,0.0557589687799152,38.0,,,
2025-06-16T23:35:28,CL,0.0317615353398852,36.0,,,
2025-06-16T23:35:28,BTCUSD,0.2345298383686993,37.0,,,
2025-06-16T23:35:28,SPY,0.025025276467204,32.0,,,
2025-06-16T23:35:28,AAPL,0.0845009088516235,41.0,,,
2025-06-17T03:41:06,EURUSD,0.0703535400904142,39.0,,,
2025-06-17T03:41:06,USDJPY,0.0359900410358722,39.0,,,
2025-06-17T03:41:06,GBPUSD,0.0574799493739479,38.0,,,
2025-06-17T03:41:06,AUDUSD,-0.0075433957271086,39.0,,,
2025-06-17T03:41:06,USDCAD,-0.0033932909369468,40.0,,,
2025-06-17T03:41:06,XAUUSD,0.0820559027947877,38.0,,,
2025-06-17T03:41:06,CL,0.061186853683356,33.0,,,
2025-06-17T03:41:06,BTCUSD,0.2193604145731244,35.0,,,
2025-06-17T03:41:06,SPY,0.039777135848999,30.0,,,
2025-06-17T03:41:06,AAPL,0.1381927571798625,38.0,,,
2025-06-17T04:53:57,EURUSD,0.093594691157341,40.0,,,
2025-06-17T04:53:57,USDJPY,0.0359900410358722,39.0,,,
2025-06-17T04:53:57,GBPUSD,0.0574754398120077,38.0,,,
2025-06-17T04:53:57,AUDUSD,-0.0075433957271086,39.0,,,
2025-06-17T04:53:57,USDCAD,-0.0033932909369468,40.0,,,
2025-06-17T04:53:57,XAUUSD,0.0842736298973495,37.0,,,
2025-06-17T04:53:57,CL,0.0322403805596487,35.0,,,
2025-06-17T04:53:57,BTCUSD,0.2193604145731244,35.0,,,
2025-06-17T04:53:57,SPY,0.0580905848933804,31.0,,,
2025-06-17T04:53:57,AAPL,0.1123269230891496,39.0,,,
2025-06-17T05:44:53,EURUSD,0.0703535400904142,39.0,,,
2025-06-17T05:44:53,USDJPY,0.0593143090223654,39.0,,,
2025-06-17T05:44:53,GBPUSD,0.0574799493739479,38.0,,,
2025-06-17T05:44:53,AUDUSD,-0.0399520287388249,38.0,,,
2025-06-17T05:44:53,USDCAD,-0.0033932909369468,40.0,,,
2025-06-17T05:44:53,XAUUSD,0.0820559027947877,38.0,,,
2025-06-17T05:44:53,CL,0.0315958543827659,38.0,,,
2025-06-17T05:44:53,BTCUSD,0.2410446852445602,36.0,,,
2025-06-17T05:44:53,SPY,0.025025276467204,32.0,,,
2025-06-17T05:44:53,AAPL,0.1312559566846708,41.0,,,
2025-06-17T06:57:44,EURUSD,0.0948274239897728,40.0,,,
2025-06-17T06:57:44,USDJPY,0.0359900425641964,39.0,,,
2025-06-17T06:57:44,GBPUSD,0.0574799493739479,38.0,,,
2025-06-17T06:57:44,AUDUSD,0.0089023643069797,36.0,,,
2025-06-17T06:57:44,USDCAD,-0.0033932909369468,40.0,,,
2025-06-17T06:57:44,XAUUSD,0.0820559027947877,38.0,,,
2025-06-17T06:57:44,CL,0.0608825844687384,37.0,,,
2025-06-17T06:57:44,BTCUSD,0.2424525817235311,36.0,,,
2025-06-17T06:57:44,SPY,0.025025276467204,32.0,,,
2025-06-17T06:57:44,AAPL,0.0350429311394691,40.0,,,
2025-06-17T07:41:59,EURUSD,0.0463007382857493,39.0,,,
2025-06-17T07:41:59,USDJPY,0.0348035265237857,39.0,,,
2025-06-17T07:41:59,GBPUSD,0.0574799493739479,38.0,,,
2025-06-17T07:41:59,AUDUSD,-0.0077419061409799,38.0,,,
2025-06-17T07:41:59,USDCAD,-0.0033932909369468,40.0,,,
2025-06-17T07:41:59,XAUUSD,0.0842736298973495,37.0,,,
2025-06-17T07:41:59,CL,0.0070183111561669,36.0,,,
2025-06-17T07:41:59,BTCUSD,0.2410446852445602,36.0,,,
2025-06-17T07:41:59,SPY,0.025025276467204,32.0,,,
2025-06-17T07:41:59,AAPL,0.1154584111394109,37.0,,,
2025-06-17T08:57:04,EURUSD,0.0371196508407592,40.0,,,
2025-06-17T08:57:04,USDJPY,0.0359900425641964,39.0,,,
2025-06-17T08:57:04,GBPUSD,0.0574799493739479,38.0,,,
2025-06-17T08:57:04,AUDUSD,-0.0298143672315697,38.0,,,
2025-06-17T08:57:04,USDCAD,-0.0033932909369468,40.0,,,
2025-06-17T08:57:04,XAUUSD,0.0842736298973495,37.0,,,
2025-06-17T08:57:04,CL,0.0564056587846655,38.0,,,
2025-06-17T08:57:04,BTCUSD,0.2615442904266151,37.0,,,
2025-06-17T08:57:04,SPY,0.025025276467204,32.0,,,
2025-06-17T08:57:04,AAPL,0.1154225484744922,37.0,,,
2025-06-17T09:43:26,EURUSD,0.0685919821262359,40.0,,,
2025-06-17T09:43:26,USDJPY,0.0348035265237857,39.0,,,
2025-06-17T09:43:26,GBPUSD,0.0499753571218914,36.0,,,
2025-06-17T09:43:26,AUDUSD,-0.0546885637136606,39.0,,,
2025-06-17T09:43:26,USDCAD,-0.0033932909369468,40.0,,,
2025-06-17T09:43:26,XAUUSD,0.1341537043854997,37.0,,,
2025-06-17T09:43:26,CL,0.0849570728637076,37.0,,,
2025-06-17T09:43:26,BTCUSD,0.2688095387485292,36.0,,,
2025-06-17T09:43:26,SPY,0.025025276467204,32.0,,,
2025-06-17T09:43:26,AAPL,0.112821971758818,39.0,,,
2025-06-17T10:49:21,EURUSD,0.06860953271389,40.0,,,
2025-06-17T10:49:21,USDJPY,0.0359900410358722,39.0,,,
2025-06-17T10:49:21,GBPUSD,0.0574799493739479,38.0,,,
2025-06-17T10:49:21,AUDUSD,-0.0399520287388249,38.0,,,
2025-06-17T10:49:21,USDCAD,-0.0033932909369468,40.0,,,
2025-06-17T10:49:21,XAUUSD,0.1083716922684719,38.0,,,
2025-06-17T10:49:21,CL,0.0038761399887703,37.0,,,
2025-06-17T10:49:21,BTCUSD,0.2809770687630302,38.0,,,
2025-06-17T10:49:21,SPY,0.025025276467204,32.0,,,
2025-06-17T10:49:21,AAPL,0.032637813152411,39.0,,,
2025-06-17T11:33:24,EURUSD,0.0463187388884715,39.0,,,
2025-06-17T11:33:24,USDJPY,0.0348035265237857,39.0,,,
2025-06-17T11:33:24,GBPUSD,0.0574799493739479,38.0,,,
2025-06-17T11:33:24,AUDUSD,-0.0143963446219762,36.0,,,
2025-06-17T11:33:24,USDCAD,-0.0033932909369468,40.0,,,
2025-06-17T11:33:24,XAUUSD,0.1341537043854997,37.0,,,
2025-06-17T11:33:24,CL,0.0351105783436749,37.0,,,
2025-06-17T11:33:24,BTCUSD,0.2410319199164708,36.0,,,
2025-06-17T11:33:24,SPY,0.0580905848933804,31.0,,,
2025-06-17T11:33:24,AAPL,0.1350013568997383,40.0,,,
2025-06-17T13:47:18,EURUSD,0.1167848348617553,40.0,,,
2025-06-17T13:47:18,USDJPY,0.0359900410358722,39.0,,,
2025-06-17T13:47:18,GBPUSD,0.0574799493739479,38.0,,,
2025-06-17T13:47:18,AUDUSD,-0.0136386422734511,38.0,,,
2025-06-17T13:47:18,USDCAD,-0.0033932909369468,40.0,,,
2025-06-17T13:47:18,XAUUSD,0.0842736298973495,37.0,,,
2025-06-17T13:47:18,CL,0.0083067615826924,36.0,,,
2025-06-17T13:47:18,BTCUSD,0.2193604145731244,35.0,,,
2025-06-17T13:47:18,SPY,0.025025276467204,32.0,,,
2025-06-17T13:47:18,AAPL,0.010315383091951,39.0,,,
2025-06-17T14:49:26,EURUSD,0.0918023884296417,40.0,,,
2025-06-17T14:49:26,USDJPY,0.0348035265237857,39.0,,,
2025-06-17T14:49:26,GBPUSD,0.0431361763100875,38.0,,,
2025-06-17T14:49:26,AUDUSD,-0.0136386422734511,38.0,,,
2025-06-17T14:49:26,USDCAD,-0.0423600368383454,41.0,,,
2025-06-17T14:49:26,XAUUSD,0.0588566892676883,36.0,,,
2025-06-17T14:49:26,CL,0.0579314441294283,37.0,,,
2025-06-17T14:49:26,BTCUSD,0.2146630949444241,36.0,,,
2025-06-17T14:49:26,SPY,0.025025276467204,32.0,,,
2025-06-17T14:49:26,AAPL,0.0582638978958129,39.0,,,
2025-06-17T15:44:18,EURUSD,0.0957293051939744,39.0,,,
2025-06-17T15:44:18,USDJPY,0.0348035265237857,39.0,,,
2025-06-17T15:44:18,GBPUSD,0.0172803224744023,37.0,,,
2025-06-17T15:44:18,AUDUSD,-0.0399520287388249,38.0,,,
2025-06-17T15:44:18,USDCAD,-0.0033932909369468,40.0,,,
2025-06-17T15:44:18,XAUUSD,0.0842625756521482,37.0,,,
2025-06-17T15:44:18,CL,0.0638622177971734,36.0,,,
2025-06-17T15:44:18,BTCUSD,0.2088615153286908,37.0,,,
2025-06-17T15:44:18,SPY,0.025025276467204,32.0,,,
2025-06-17T15:44:18,AAPL,0.0553780668660214,38.0,,,
2025-06-17T16:57:13,EURUSD,0.0692447036504745,40.0,,,
2025-06-17T16:57:13,USDJPY,0.0819323597810207,39.0,,,
2025-06-17T16:57:13,GBPUSD,0.0431316667481472,38.0,,,
2025-06-17T16:57:13,AUDUSD,-0.0143963446219762,36.0,,,
2025-06-17T16:57:13,USDCAD,0.0073231577873229,40.0,,,
2025-06-17T16:57:13,XAUUSD,0.0588566892676883,36.0,,,
2025-06-17T16:57:13,CL,0.0083067615826924,36.0,,,
2025-06-17T16:57:13,BTCUSD,0.2146631015671624,36.0,,,
2025-06-17T16:57:13,SPY,0.0580905848933804,31.0,,,
2025-06-17T16:57:13,AAPL,0.1053546011447906,40.0,,,
2025-06-17T17:42:58,EURUSD,0.0692447036504745,40.0,,,
2025-06-17T17:42:58,USDJPY,0.0819323597810207,39.0,,,
2025-06-17T17:42:58,GBPUSD,0.0431316667481472,38.0,,,
2025-06-17T17:42:58,AUDUSD,-0.0143963446219762,36.0,,,
2025-06-17T17:42:58,USDCAD,-0.0281102001667022,40.0,,,
2025-06-17T17:42:58,XAUUSD,0.0588566892676883,36.0,,,
2025-06-17T17:42:58,CL,0.0083067615826924,36.0,,,
2025-06-17T17:42:58,BTCUSD,0.2146630949444241,36.0,,,
2025-06-17T17:42:58,SPY,0.025025276467204,32.0,,,
2025-06-17T17:42:58,AAPL,0.1047374728398445,39.0,,,
2025-06-17T18:56:00,EURUSD,0.0465343967080116,40.0,,,
2025-06-17T18:56:00,USDJPY,0.0565764705340067,39.0,,,
2025-06-17T18:56:00,GBPUSD,0.0556180884963587,38.0,,,
2025-06-17T18:56:00,AUDUSD,-0.0290498962769141,39.0,,,
2025-06-17T18:56:00,USDCAD,-0.0113156124949455,40.0,,,
2025-06-17T18:56:00,XAUUSD,0.0842625756521482,37.0,,,
2025-06-17T18:56:00,CL,0.0083067615826924,36.0,,,
2025-06-17T18:56:00,BTCUSD,0.2296806793463857,38.0,,,
2025-06-17T18:56:00,SPY,0.025025276467204,32.0,,,
2025-06-17T18:56:00,AAPL,0.0535352346373767,41.0,,,
2025-06-17T19:30:19,EURUSD,0.093336072564125,40.0,,,
2025-06-17T19:30:19,USDJPY,0.0348035265237857,39.0,,,
2025-06-17T19:30:19,GBPUSD,0.0593119012682061,38.0,,,
2025-06-17T19:30:19,AUDUSD,-0.0143963446219762,36.0,,,
2025-06-17T19:30:19,USDCAD,-0.0080437809228897,40.0,,,
2025-06-17T19:30:19,XAUUSD,0.1304812478391747,38.0,,,
2025-06-17T19:30:19,CL,0.0621362070779542,37.0,,,
2025-06-17T19:30:19,BTCUSD,0.2494321939272758,39.0,,,
2025-06-17T19:30:19,SPY,0.025025276467204,32.0,,,
2025-06-17T19:30:19,AAPL,0.0786031163655794,39.0,,,
2025-06-17T20:03:18,EURUSD,0.0701062832123194,39.0,,,
2025-06-17T20:03:18,USDJPY,0.0348035265237857,39.0,,,
2025-06-17T20:03:18,GBPUSD,0.0172803224744023,37.0,,,
2025-06-17T20:03:18,AUDUSD,-0.0561277364429674,38.0,,,
2025-06-17T20:03:18,USDCAD,-0.0281102165579795,40.0,,,
2025-06-17T20:03:18,XAUUSD,0.0842625756521482,37.0,,,
2025-06-17T20:03:18,CL,0.0638622177971734,36.0,,,
2025-06-17T20:03:18,BTCUSD,0.2146632240878211,36.0,,,
2025-06-17T20:03:18,SPY,0.0580905848933804,31.0,,,
2025-06-17T20:03:18,AAPL,0.0298736810684204,40.0,,,
2025-06-17T20:42:00,EURUSD,0.0701062832123194,39.0,,,
2025-06-17T20:42:00,USDJPY,0.0348035265237857,39.0,,,
2025-06-17T20:42:00,GBPUSD,0.032155114870805,39.0,,,
2025-06-17T20:42:00,AUDUSD,-0.0136386422734511,38.0,,,
2025-06-17T20:42:00,USDCAD,-0.0080437809228897,40.0,,,
2025-06-17T20:42:00,XAUUSD,0.0820451394507759,38.0,,,
2025-06-17T20:42:00,CL,0.0083067615826924,36.0,,,
2025-06-17T20:42:00,BTCUSD,0.2088615153286908,37.0,,,
2025-06-17T20:42:00,SPY,0.025025276467204,32.0,,,
2025-06-17T20:42:00,AAPL,0.084539096057415,40.0,,,
2025-06-17T21:36:07,EURUSD,0.0701062832123194,39.0,,,
2025-06-17T21:36:07,USDJPY,0.0348035265237857,39.0,,,
2025-06-17T21:36:07,GBPUSD,0.0420301205072647,39.0,,,
2025-06-17T21:36:07,AUDUSD,-0.0140072542267876,37.0,,,
2025-06-17T21:36:07,USDCAD,-0.0080437809228897,40.0,,,
2025-06-17T21:36:07,XAUUSD,0.10429679092608,38.0,,,
2025-06-17T21:36:07,CL,0.0083067615826924,36.0,,,
2025-06-17T21:36:07,BTCUSD,0.2494296293992262,39.0,,,
2025-06-17T21:36:07,SPY,0.025025276467204,32.0,,,
2025-06-17T21:36:07,AAPL,0.0786014107557443,39.0,,,
2025-06-17T22:43:25,EURUSD,0.0918023884296417,40.0,,,
2025-06-17T22:43:25,USDJPY,0.0819323597810207,39.0,,,
2025-06-17T22:43:25,GBPUSD,0.0420257265751178,39.0,,,
2025-06-17T22:43:25,AUDUSD,-0.0143963446219762,36.0,,,
2025-06-17T22:43:25,USDCAD,0.008750806748867,40.0,,,
2025-06-17T22:43:25,XAUUSD,0.0759837138347136,39.0,,,
2025-06-17T22:43:25,CL,0.0621362070779542,37.0,,,
2025-06-17T22:43:25,BTCUSD,0.2088615153286908,37.0,,,
2025-06-17T22:43:25,SPY,0.0058117434382438,32.0,,,
2025-06-17T22:43:25,AAPL,0.0806698689335271,38.0,,,
2025-06-17T23:35:10,EURUSD,0.0701062832123194,39.0,,,
2025-06-17T23:35:10,USDJPY,0.0819323597810207,39.0,,,
2025-06-17T23:35:10,GBPUSD,0.0348347077767054,36.0,,,
2025-06-17T23:35:10,AUDUSD,-0.0136386422734511,38.0,,,
2025-06-17T23:35:10,USDCAD,0.0166731610894203,40.0,,,
2025-06-17T23:35:10,XAUUSD,0.0572659679361291,37.0,,,
2025-06-17T23:35:10,CL,0.0621362070779542,37.0,,,
2025-06-17T23:35:10,BTCUSD,0.2494321969839242,39.0,,,
2025-06-17T23:35:10,SPY,0.0192827006181081,30.0,,,
2025-06-17T23:35:10,AAPL,0.1303292989730834,40.0,,,
2025-06-18T03:40:04,EURUSD,0.0701062832123194,39.0,,,
2025-06-18T03:40:04,USDJPY,0.0593143090223654,39.0,,,
2025-06-18T03:40:04,GBPUSD,0.0338932291881458,37.0,,,
2025-06-18T03:40:04,AUDUSD,-0.0290498962769141,39.0,,,
2025-06-18T03:40:04,USDCAD,0.016673144698143,40.0,,,
2025-06-18T03:40:04,XAUUSD,0.0799702772727379,39.0,,,
2025-06-18T03:40:04,CL,0.0621362070779542,37.0,,,
2025-06-18T03:40:04,BTCUSD,0.2033651596621463,38.0,,,
2025-06-18T03:40:04,SPY,0.02590415939208,31.0,,,
2025-06-18T03:40:04,AAPL,0.0819199941097161,39.0,,,
2025-06-18T04:55:34,EURUSD,0.1665248289704322,40.0,,,
2025-06-18T04:55:34,USDJPY,0.035719411937814,38.0,,,
2025-06-18T04:55:34,GBPUSD,0.0420301205072647,39.0,,,
2025-06-18T04:55:34,AUDUSD,-0.0408458527591493,36.0,,,
2025-06-18T04:55:34,USDCAD,0.016673144698143,40.0,,,
2025-06-18T04:55:34,XAUUSD,0.0543292516317123,39.0,,,
2025-06-18T04:55:34,CL,0.0083067615826924,36.0,,,
2025-06-18T04:55:34,BTCUSD,0.2494321969839242,39.0,,,
2025-06-18T04:55:34,SPY,0.02590415939208,31.0,,,
2025-06-18T04:55:34,AAPL,0.1695684790611267,38.0,,,
2025-06-18T05:45:03,EURUSD,0.1665248289704322,40.0,,,
2025-06-18T05:45:03,USDJPY,0.059314305965717,39.0,,,
2025-06-18T05:45:03,GBPUSD,0.0338932291881458,37.0,,,
2025-06-18T05:45:03,AUDUSD,-0.0298143672315697,38.0,,,
2025-06-18T05:45:03,USDCAD,0.0087508231401443,40.0,,,
2025-06-18T05:45:03,XAUUSD,0.0572659679361291,37.0,,,
2025-06-18T05:45:03,CL,0.0621362070779542,37.0,,,
2025-06-18T05:45:03,BTCUSD,0.2146632240878211,36.0,,,
2025-06-18T05:45:03,SPY,-0.0061553232371807,32.0,,,
2025-06-18T05:45:03,AAPL,0.0577705548359797,39.0,,,
2025-06-18T06:57:14,EURUSD,0.1707946856816609,39.0,,,
2025-06-18T06:57:14,USDJPY,0.0593143090223654,39.0,,,
2025-06-18T06:57:14,GBPUSD,0.0420301205072647,39.0,,,
2025-06-18T06:57:14,AUDUSD,-0.053464806996859,39.0,,,
2025-06-18T06:57:14,USDCAD,-0.0033932745456695,40.0,,,
2025-06-18T06:57:14,XAUUSD,0.0543292516317123,39.0,,,
2025-06-18T06:57:14,CL,0.0083067615826924,36.0,,,
2025-06-18T06:57:14,BTCUSD,0.216945242550638,36.0,,,
2025-06-18T06:57:14,SPY,-0.0061553232371807,32.0,,,
2025-06-18T06:57:14,AAPL,0.1645281879525435,38.0,,,
2025-06-18T07:42:05,EURUSD,0.1649741694331169,40.0,,,
2025-06-18T07:42:05,USDJPY,0.0593143090223654,39.0,,,
2025-06-18T07:42:05,GBPUSD,0.0420301205072647,39.0,,,
2025-06-18T07:42:05,AUDUSD,-0.0298143499775936,38.0,,,
2025-06-18T07:42:05,USDCAD,0.008750806748867,40.0,,,
2025-06-18T07:42:05,XAUUSD,0.0529710203409194,40.0,,,
2025-06-18T07:42:05,CL,0.0083067615826924,36.0,,,
2025-06-18T07:42:05,BTCUSD,0.1827470740756473,37.0,,,
2025-06-18T07:42:05,SPY,-0.0061553232371807,32.0,,,
2025-06-18T07:42:05,AAPL,0.1379870864061209,39.0,,,
2025-06-18T08:56:58,EURUSD,0.1433319732546806,40.0,,,
2025-06-18T08:56:58,USDJPY,0.059314305965717,39.0,,,
2025-06-18T08:56:58,GBPUSD,0.0420301205072647,39.0,,,
2025-06-18T08:56:58,AUDUSD,-0.0170728999215203,37.0,,,
2025-06-18T08:56:58,USDCAD,0.0087508231401443,40.0,,,
2025-06-18T08:56:58,XAUUSD,0.0572659679361291,37.0,,,
2025-06-18T08:56:58,CL,0.0083067615826924,36.0,,,
2025-06-18T08:56:58,BTCUSD,0.2096636826927597,37.0,,,
2025-06-18T08:56:58,SPY,-0.0061553232371807,32.0,,,
2025-06-18T08:56:58,AAPL,0.1379870864061209,39.0,,,
2025-06-18T09:43:29,EURUSD,0.1183515965938568,40.0,,,
2025-06-18T09:43:29,USDJPY,0.0593143090223654,39.0,,,
2025-06-18T09:43:29,GBPUSD,0.0168255771461286,38.0,,,
2025-06-18T09:43:29,AUDUSD,-0.0546885637136606,39.0,,,
2025-06-18T09:43:29,USDCAD,0.008750806748867,40.0,,,
2025-06-18T09:43:29,XAUUSD,0.0842929949631562,37.0,,,
2025-06-18T09:43:29,CL,0.0078709141204231,38.0,,,
2025-06-18T09:43:29,BTCUSD,0.2096636826927597,37.0,,,
2025-06-18T09:43:29,SPY,-0.0061553232371807,32.0,,,
2025-06-18T09:43:29,AAPL,0.1100175514817237,40.0,,,
2025-06-18T10:48:37,EURUSD,0.1183515965938568,40.0,,,
2025-06-18T10:48:37,USDJPY,0.0339584197753515,39.0,,,
2025-06-18T10:48:37,GBPUSD,0.0338932291881458,37.0,,,
2025-06-18T10:48:37,AUDUSD,-0.0143963446219762,36.0,,,
2025-06-18T10:48:37,USDCAD,0.008750806748867,40.0,,,
2025-06-18T10:48:37,XAUUSD,0.0799702772727379,39.0,,,
2025-06-18T10:48:37,CL,0.0621362070779542,37.0,,,
2025-06-18T10:48:37,BTCUSD,0.2501932275600922,39.0,,,
2025-06-18T10:48:37,SPY,-0.0061553232371807,32.0,,,
2025-06-18T10:48:37,AAPL,0.143791327351018,38.0,,,
2025-06-18T11:32:52,EURUSD,0.1183515965938568,40.0,,,
2025-06-18T11:32:52,USDJPY,0.0565764705340067,39.0,,,
2025-06-18T11:32:52,GBPUSD,0.0593119012682061,38.0,,,
2025-06-18T11:32:52,AUDUSD,-0.0397419140145585,37.0,,,
2025-06-18T11:32:52,USDCAD,0.0166731610894203,40.0,,,
2025-06-18T11:32:52,XAUUSD,0.0543292516317123,39.0,,,
2025-06-18T11:32:52,CL,0.0083067615826924,36.0,,,
2025-06-18T11:32:52,BTCUSD,0.2096636826927597,37.0,,,
2025-06-18T11:32:52,SPY,0.025025276467204,32.0,,,
2025-06-18T11:32:52,AAPL,0.1864126246226461,38.0,,,
2025-06-18T13:48:20,EURUSD,0.1433319628238678,40.0,,,
2025-06-18T13:48:20,USDJPY,0.033958416718703,39.0,,,
2025-06-18T13:48:20,GBPUSD,0.0078147424233926,37.0,,,
2025-06-18T13:48:20,AUDUSD,-0.0143963446219762,36.0,,,
2025-06-18T13:48:20,USDCAD,0.008750806748867,40.0,,,
2025-06-18T13:48:20,XAUUSD,0.0543292516317123,39.0,,,
2025-06-18T13:48:20,CL,0.0326690094811575,35.0,,,
2025-06-18T13:48:20,BTCUSD,0.2041462173587397,38.0,,,
2025-06-18T13:48:20,SPY,-0.0061553232371807,32.0,,,
2025-06-18T13:48:20,AAPL,0.1803276151418686,40.0,,,
2025-06-18T14:48:28,EURUSD,0.0957256968204791,39.0,,,
2025-06-18T14:48:28,USDJPY,0.082443967843667,39.0,,,
2025-06-18T14:48:28,GBPUSD,0.0322194218635559,40.0,,,
2025-06-18T14:48:28,AUDUSD,-0.0132889334972088,39.0,,,
2025-06-18T14:48:28,USDCAD,0.0241177454590797,40.0,,,
2025-06-18T14:48:28,XAUUSD,0.0780106202552193,38.0,,,
2025-06-18T14:48:28,CL,-0.0194695790608723,36.0,,,
2025-06-18T14:48:28,BTCUSD,0.1990160789245214,39.0,,,
2025-06-18T14:48:28,SPY,-0.0061553232371807,32.0,,,
2025-06-18T14:48:28,AAPL,0.134505845606327,40.0,,,
2025-06-18T15:44:42,EURUSD,0.1433319732546806,40.0,,,
2025-06-18T15:44:42,USDJPY,0.0849454387640341,39.0,,,
2025-06-18T15:44:42,GBPUSD,0.0078147424233926,37.0,,,
2025-06-18T15:44:42,AUDUSD,-0.0136386422734511,38.0,,,
2025-06-18T15:44:42,USDCAD,0.0488346710801124,40.0,,,
2025-06-18T15:44:42,XAUUSD,0.0760103479409829,39.0,,,
2025-06-18T15:44:42,CL,0.0072188360350472,35.0,,,
2025-06-18T15:44:42,BTCUSD,0.1623279104630152,36.0,,,
2025-06-18T15:44:42,SPY,-0.0061553232371807,32.0,,,
2025-06-18T15:44:42,AAPL,0.1095200226857112,39.0,,,
2025-06-18T16:57:31,EURUSD,0.1433319628238678,40.0,,,
2025-06-18T16:57:31,USDJPY,0.0595895495170202,39.0,,,
2025-06-18T16:57:31,GBPUSD,0.0322194218635559,40.0,,,
2025-06-18T16:57:31,AUDUSD,-0.0136386422734511,38.0,,,
2025-06-18T16:57:31,USDCAD,0.0241177454590797,40.0,,,
2025-06-18T16:57:31,XAUUSD,0.0823445436027315,36.0,,,
2025-06-18T16:57:31,CL,0.0078709141204231,38.0,,,
2025-06-18T16:57:31,BTCUSD,0.1827470740756473,37.0,,,
2025-06-18T16:57:31,SPY,0.025025276467204,32.0,,,
2025-06-18T16:57:31,AAPL,0.1075460788531181,39.0,,,
2025-06-18T17:45:21,EURUSD,0.1433319628238678,40.0,,,
2025-06-18T17:45:21,USDJPY,0.0849454387640341,39.0,,,
2025-06-18T17:45:21,GBPUSD,0.0330455608856983,39.0,,,
2025-06-18T17:45:21,AUDUSD,-0.0129567101597785,40.0,,,
2025-06-18T17:45:21,USDCAD,0.0241177454590797,40.0,,,
2025-06-18T17:45:21,XAUUSD,0.0780106202552193,38.0,,,
2025-06-18T17:45:21,CL,0.0341853420985372,38.0,,,
2025-06-18T17:45:21,BTCUSD,0.1600457628568013,36.0,,,
2025-06-18T17:45:21,SPY,0.025025276467204,32.0,,,
2025-06-18T17:45:21,AAPL,0.138716154976895,38.0,,,
2025-06-18T18:56:00,EURUSD,0.1433319628238678,40.0,,,
2025-06-18T18:56:00,USDJPY,0.0849454387640341,39.0,,,
2025-06-18T18:56:00,GBPUSD,0.0078147424233926,37.0,,,
2025-06-18T18:56:00,AUDUSD,-0.0136386422734511,38.0,,,
2025-06-18T18:56:00,USDCAD,0.0241177454590797,40.0,,,
2025-06-18T18:56:00,XAUUSD,0.0823445436027315,36.0,,,
2025-06-18T18:56:00,CL,0.0326690094811575,35.0,,,
2025-06-18T18:56:00,BTCUSD,0.1990161828505687,39.0,,,
2025-06-18T18:56:00,SPY,0.02590415939208,31.0,,,
2025-06-18T18:56:00,AAPL,0.1379870864061209,39.0,,,
2025-06-18T19:30:25,EURUSD,0.0928350730640132,41.0,,,
2025-06-18T19:30:25,USDJPY,0.0849454387640341,39.0,,,
2025-06-18T19:30:25,GBPUSD,0.0078147424233926,37.0,,,
2025-06-18T19:30:25,AUDUSD,-0.0143963446219762,36.0,,,
2025-06-18T19:30:25,USDCAD,0.0241177454590797,40.0,,,
2025-06-18T19:30:25,XAUUSD,0.0741100892424583,40.0,,,
2025-06-18T19:30:25,CL,0.0078709141204231,38.0,,,
2025-06-18T19:30:25,BTCUSD,0.1990160789245214,39.0,,,
2025-06-18T19:30:25,SPY,0.025025276467204,32.0,,,
2025-06-18T19:30:25,AAPL,0.1379870864061209,39.0,,,
2025-06-18T20:44:00,EURUSD,0.11835159659385681,40.0,,,
2025-06-18T20:44:00,USDJPY,0.08243407194431011,39.0,,,
2025-06-18T20:44:00,GBPUSD,0.03304556088569837,39.0,,,
2025-06-18T20:44:00,AUDUSD,-0.014396344621976217,36.0,,,
2025-06-18T20:44:00,USDCAD,0.024117745459079742,40.0,,,
2025-06-18T20:44:00,XAUUSD,0.07601034794098292,39.0,,,
2025-06-18T20:44:00,CL,0.06257376737064785,36.0,,,
2025-06-18T20:44:00,BTCUSD,0.18274694197886698,37.0,,,
2025-06-18T20:44:00,SPY,-0.00615532323718071,32.0,,,
2025-06-18T20:44:00,AAPL,0.08776623167489704,38.0,,,
